5 0.3421875 0.3796875 0.05546875 0.084375
2 0.64765625 0.4296875 0.0453125 0.0703125
5 0.134375 0.43046875 0.05078125 0.06796875
2 0.49296875 0.4328125 0.03828125 0.06484375
3 0.2609375 0.4828125 0.0515625 0.06875
4 0.57265625 0.48984375 0.05234375 0.078125
1 0.70234375 0.490625 0.04765625 0.07734375
5 0.44609375 0.4921875 0.04375 0.07109375
3 0.36015625 0.52421875 0.04296875 0.0703125
3 0.475 0.54453125 0.05859375 0.08359375
4 0.55234375 0.54921875 0.05703125 0.08984375
0 0.46328125 0.68203125 0.0640625 0.09921875
3 0.38125 0.73125 0.06796875 0.1
5 0.6453125 0.8125 0.0546875 0.09375
5 0.77890625 0.825 0.0921875 0.13046875
1 0.41875 0.28828125 0.04140625 0.06328125