4 0.2296875 0.5625 0.18046875 0.24453125
0 0.61875 0.6578125 0.2296875 0.32578125
3 0.3890625 0.70390625 0.196875 0.29921875
3 0.828125 0.73671875 0.18828125 0.20078125
5 0.0921875 0.76640625 0.184375 0.31484375
1 0.25625 0.834375 0.22578125 0.3203125
2 0.75234375 0.15234375 0.19296875 0.25
5 0.565625 0.26328125 0.18828125 0.29921875
1 0.3359375 0.29375 0.2046875 0.2828125
5 0.84609375 0.3015625 0.2171875 0.27734375
4 0.17421875 0.36953125 0.184375 0.25
5 0.50625 0.48359375 0.184375 0.2390625
0 0.934375 0.5 0.12265625 0.3046875