1 0.34765625 0.38984375 0.13828125 0.20234375
1 0.13984375 0.41640625 0.12890625 0.1625
1 0.884375 0.44140625 0.11015625 0.1609375
1 0.56953125 0.4953125 0.134375 0.19609375
1 0.184375 0.61015625 0.14140625 0.2109375
1 0.8140625 0.621875 0.1203125 0.19765625
1 0.415625 0.69921875 0.1203125 0.19453125
1 0.715625 0.8171875 0.153125 0.21953125
1 0.2703125 0.87421875 0.134375 0.2265625
1 0.5890625 0.09609375 0.11015625 0.1671875
1 0.74453125 0.165625 0.075 0.12578125
1 0.43984375 0.184375 0.09296875 0.15390625
1 0.18046875 0.21171875 0.1203125 0.18125
1 0.8046875 0.2890625 0.12890625 0.1921875
1 0.59765625 0.309375 0.0953125 0.1390625