5 0.38828125 0.38125 0.05234375 0.0796875
2 0.67734375 0.428125 0.04296875 0.06640625
5 0.1921875 0.42890625 0.04765625 0.0640625
2 0.53125 0.43125 0.03671875 0.0609375
3 0.31171875 0.478125 0.0484375 0.06484375
4 0.60625 0.48515625 0.04921875 0.07421875
1 0.7296875 0.4859375 0.0453125 0.0734375
5 0.48671875 0.4875 0.04140625 0.0671875
3 0.4046875 0.51796875 0.040625 0.06640625
3 0.5140625 0.53671875 0.05546875 0.07890625
4 0.5875 0.54140625 0.05390625 0.08515625
0 0.503125 0.6671875 0.06015625 0.09375
3 0.425 0.7140625 0.0640625 0.09453125
5 0.675 0.790625 0.05234375 0.0890625
5 0.8015625 0.803125 0.0875 0.12421875
1 0.4609375 0.29453125 0.0390625 0.059375