5 0.5046875 0.37265625 0.1140625 0.16796875
5 0.0625 0.5125 0.125 0.16875
5 0.9171875 0.5234375 0.10703125 0.13828125
5 0.6703125 0.5359375 0.13671875 0.18359375
5 0.36328125 0.56796875 0.1296875 0.16796875
5 0.50703125 0.71328125 0.0921875 0.1328125
5 0.85078125 0.765625 0.140625 0.18515625
5 0.60703125 0.07890625 0.0984375 0.146875
5 0.1375 0.86171875 0.1609375 0.2234375
5 0.35234375 0.88046875 0.10859375 0.15234375
5 0.6640625 0.8953125 0.11328125 0.15703125
5 0.38828125 0.14453125 0.1203125 0.16640625
5 0.89296875 0.215625 0.10625 0.159375
5 0.18359375 0.2734375 0.10859375 0.15234375
5 0.75546875 0.28203125 0.11953125 0.159375