3 0.63359375 0.38828125 0.04296875 0.0578125
5 0.4125 0.39921875 0.0578125 0.0765625
0 0.53046875 0.4859375 0.04765625 0.06328125
5 0.57421875 0.50546875 0.04296875 0.07109375
3 0.61875 0.51640625 0.04453125 0.06171875
5 0.534375 0.53828125 0.0578125 0.0703125
1 0.4953125 0.58203125 0.0453125 0.06484375
0 0.3953125 0.5890625 0.0453125 0.06328125
3 0.60703125 0.63203125 0.0578125 0.0765625
0 0.42421875 0.64921875 0.04765625 0.06484375
1 0.67578125 0.6703125 0.0484375 0.06015625
0 0.5921875 0.69375 0.04296875 0.06015625
3 0.54609375 0.70078125 0.0515625 0.07421875
4 0.43828125 0.821875 0.05546875 0.0734375
2 0.46015625 0.15 0.040625 0.0546875
0 0.4234375 0.27421875 0.05 0.071875