0 0.58359375 0.32734375 0.12265625 0.1765625
0 0.86015625 0.36015625 0.14140625 0.19296875
0 0.2921875 0.3765625 0.1421875 0.23515625
0 0.684375 0.48828125 0.1203125 0.1875
0 0.38984375 0.52890625 0.13359375 0.1890625
0 0.93515625 0.6125 0.12890625 0.23984375
0 0.5640625 0.68125 0.15 0.234375
0 0.76484375 0.6921875 0.165625 0.2015625
0 0.4359375 0.06484375 0.109375 0.1296875
0 0.265625 0.07578125 0.09765625 0.13046875
0 0.63515625 0.109375 0.0828125 0.1484375
0 0.45234375 0.171875 0.071875 0.13046875
0 0.16640625 0.1890625 0.11640625 0.1859375
0 0.69140625 0.196875 0.1015625 0.1515625
0 0.42265625 0.28125 0.11875 0.1625