0 0.22265625 0.34140625 0.11171875 0.16796875
0 0.828125 0.3578125 0.14296875 0.18046875
0 0.08359375 0.43671875 0.12890625 0.18046875
0 0.71640625 0.44296875 0.10546875 0.171875
0 0.21953125 0.5140625 0.125 0.17734375
0 0.91953125 0.5375 0.1125 0.16875
0 0.59609375 0.553125 0.1171875 0.16484375
0 0.39140625 0.56015625 0.121875 0.1890625
0 0.80390625 0.7015625 0.1671875 0.253125
0 0.13046875 0.75546875 0.1515625 0.21328125
0 0.39921875 0.78125 0.1296875 0.1890625
0 0.61640625 0.84453125 0.14140625 0.190625
0 0.43359375 0.1296875 0.125 0.20625
0 0.41171875 0.321875 0.09375 0.1421875
0 0.5625 0.321875 0.12734375 0.18359375