2 0.4171875 0.275 0.078125 0.06875
5 0.71015625 0.296875 0.046875 0.03203125
5 0.14296875 0.3109375 0.0703125 0.0546875
2 0.74453125 0.31640625 0.1 0.0734375
1 0.50078125 0.31796875 0.08203125 0.0640625
2 0.434375 0.3328125 0.04375 0.0359375
5 0.8671875 0.33828125 0.0421875 0.0359375
2 0.39453125 0.34921875 0.06328125 0.0484375
1 0.6703125 0.378125 0.05078125 0.0390625
1 0.53984375 0.38828125 0.04921875 0.04296875
3 0.48359375 0.41328125 0.0859375 0.07109375
3 0.82109375 0.4484375 0.059375 0.046875
0 0.7359375 0.46875 0.08828125 0.07265625
0 0.58828125 0.46953125 0.1046875 0.07734375
2 0.065625 0.48671875 0.05703125 0.0359375
0 0.88671875 0.50390625 0.084375 0.0609375
0 0.13515625 0.54140625 0.0515625 0.04453125
2 0.29140625 0.5984375 0.1234375 0.0875
3 0.65859375 0.6171875 0.10859375 0.08984375
3 0.534375 0.66953125 0.084375 0.05859375
3 0.71875 0.69765625 0.0765625 0.06328125
1 0.475 0.7375 0.1375 0.10859375
3 0.3703125 0.74375 0.0875 0.07578125
1 0.71328125 0.75703125 0.09140625 0.06171875
3 0.09140625 0.76328125 0.14296875 0.103125
1 0.60625 0.9421875 0.14921875 0.11484375
1 0.434375 0.146875 0.0328125 0.0359375
2 0.6171875 0.17578125 0.04375 0.040625
3 0.6640625 0.18984375 0.07578125 0.0578125
5 0.59140625 0.19375 0.040625 0.02890625
2 0.378125 0.21171875 0.0421875 0.03125
1 0.72578125 0.21796875 0.0421875 0.0296875
1 0.88125 0.240625 0.04453125 0.04453125
2 0.7046875 0.253125 0.03828125 0.03125
4 0.9171875 0.259375 0.040625 0.0328125
2 0.846875 0.2609375 0.03828125 0.0359375
5 0.6328125 0.26328125 0.08671875 0.0625