3 0.46015625 0.36640625 0.1015625 0.14609375
3 0.284375 0.4359375 0.1140625 0.1609375
3 0.93984375 0.46015625 0.11953125 0.19453125
3 0.68125 0.4859375 0.1125 0.2015625
3 0.4875 0.5859375 0.1375 0.22421875
3 0.8828125 0.6671875 0.12265625 0.2
3 0.125 0.66875 0.17109375 0.24921875
3 0.63125 0.81640625 0.1203125 0.2046875
3 0.33984375 0.85625 0.109375 0.1890625
3 0.5765625 0.090625 0.12265625 0.18125
3 0.37890625 0.1015625 0.103125 0.13984375
3 0.7546875 0.11640625 0.0921875 0.15390625
3 0.25 0.2546875 0.1109375 0.16953125
3 0.66875 0.26875 0.09453125 0.15859375
3 0.815625 0.27109375 0.1078125 0.16015625