2 0.6421875 0.3421875 0.10546875 0.1578125
2 0.3625 0.4125 0.10078125 0.13203125
2 0.48125 0.47890625 0.0859375 0.11484375
2 0.8671875 0.48671875 0.12578125 0.1515625
2 0.1421875 0.4953125 0.0921875 0.134375
2 0.66796875 0.60078125 0.10078125 0.134375
2 0.28671875 0.6359375 0.1328125 0.18046875
2 0.58125 0.84609375 0.0953125 0.134375
2 0.36953125 0.884375 0.096875 0.1375
2 0.29921875 0.09140625 0.0875 0.140625
2 0.5 0.096875 0.0984375 0.13046875
2 0.6828125 0.11484375 0.10078125 0.1390625
2 0.80859375 0.26015625 0.08359375 0.1171875
2 0.46953125 0.2796875 0.103125 0.1390625
2 0.2546875 0.29609375 0.09375 0.1234375