3 0.43125 0.38984375 0.10390625 0.1484375
3 0.25234375 0.46015625 0.115625 0.16328125
3 0.928125 0.484375 0.14140625 0.19765625
3 0.65625 0.51171875 0.1140625 0.2046875
3 0.45859375 0.61328125 0.13984375 0.228125
3 0.8609375 0.69609375 0.125 0.203125
3 0.08984375 0.69765625 0.1734375 0.253125
3 0.6046875 0.84765625 0.121875 0.20859375
3 0.30859375 0.88828125 0.11171875 0.1921875
3 0.54921875 0.10390625 0.125 0.19375
3 0.34765625 0.1203125 0.1046875 0.1421875
3 0.73046875 0.13515625 0.09375 0.15625
3 0.2171875 0.27578125 0.11328125 0.171875
3 0.64296875 0.290625 0.096875 0.16171875
3 0.79296875 0.29296875 0.11015625 0.16328125