0 0.565625 0.34375 0.115625 0.16640625
0 0.82578125 0.375 0.13359375 0.18125
0 0.290625 0.38984375 0.13359375 0.221875
0 0.66015625 0.4953125 0.11328125 0.1765625
0 0.3828125 0.53359375 0.12578125 0.17890625
0 0.91796875 0.6125 0.16328125 0.22578125
0 0.546875 0.67734375 0.14140625 0.2203125
0 0.7359375 0.6875 0.15625 0.190625
0 0.4265625 0.078125 0.10234375 0.15625
0 0.265625 0.10625 0.0921875 0.12265625
0 0.6140625 0.13828125 0.078125 0.13984375
0 0.4421875 0.19765625 0.06796875 0.12265625
0 0.17265625 0.21328125 0.109375 0.175
0 0.66640625 0.22109375 0.0953125 0.14296875
0 0.41328125 0.3 0.1125 0.153125