5 0.51875 0.36015625 0.109375 0.1609375
5 0.090625 0.49375 0.12578125 0.1609375
5 0.9140625 0.5046875 0.103125 0.13203125
5 0.67734375 0.51640625 0.13125 0.17578125
5 0.3828125 0.54765625 0.12421875 0.1609375
5 0.5203125 0.68671875 0.08828125 0.12734375
5 0.85078125 0.73671875 0.134375 0.17734375
5 0.61640625 0.078125 0.09453125 0.140625
5 0.16640625 0.82890625 0.1546875 0.21484375
5 0.37265625 0.846875 0.1046875 0.14609375
5 0.67109375 0.8609375 0.10859375 0.15078125
5 0.40703125 0.14140625 0.115625 0.159375
5 0.890625 0.21015625 0.1015625 0.15234375
5 0.21015625 0.265625 0.1046875 0.14609375
5 0.75859375 0.2734375 0.11484375 0.15234375