0 0.63984375 0.3515625 0.10078125 0.1515625
0 0.27109375 0.35625 0.10234375 0.146875
0 0.40859375 0.36171875 0.08125 0.12890625
0 0.52578125 0.4859375 0.12421875 0.178125
0 0.253125 0.52421875 0.11875 0.18203125
0 0.79609375 0.53125 0.13984375 0.18515625
0 0.609375 0.66328125 0.1109375 0.1796875
0 0.3359375 0.68671875 0.1140625 0.18515625
0 0.87265625 0.80234375 0.1859375 0.234375
0 0.4796875 0.8453125 0.14296875 0.21875
0 0.6671875 0.875 0.15 0.21171875
0 0.409375 0.18203125 0.0953125 0.18359375
0 0.24921875 0.2140625 0.08515625 0.134375
0 0.55390625 0.22265625 0.096875 0.13828125
0 0.15546875 0.33359375 0.1125 0.153125