1 0.61328125 0.35390625 0.12421875 0.16328125
1 0.25859375 0.41328125 0.11328125 0.15625
1 0.7640625 0.540625 0.12734375 0.17890625
1 0.45390625 0.55 0.14296875 0.20078125
1 0.18515625 0.70625 0.165625 0.225
1 0.890625 0.7171875 0.13359375 0.20625
1 0.6265625 0.7609375 0.134375 0.20078125
1 0.4046875 0.7921875 0.12578125 0.17890625
1 0.63125 0.08515625 0.10390625 0.15
1 0.48515625 0.10078125 0.1234375 0.1875
1 0.33359375 0.1203125 0.0953125 0.134375
1 0.7578125 0.1921875 0.09609375 0.15
1 0.2046875 0.2421875 0.11875 0.17890625
1 0.43203125 0.28984375 0.0875 0.1375
1 0.90546875 0.31171875 0.1421875 0.18359375