4 0.38359375 0.3234375 0.14609375 0.196875
4 0.11875 0.37578125 0.109375 0.175
4 0.6265625 0.396875 0.11328125 0.14453125
4 0.97109375 0.4140625 0.05703125 0.1578125
4 0.38359375 0.6046875 0.1328125 0.1734375
4 0.13046875 0.64609375 0.12890625 0.18125
4 0.63359375 0.675 0.1390625 0.184375
4 0.9421875 0.73046875 0.1125 0.2140625
4 0.3 0.890625 0.11640625 0.1703125
4 0.77109375 0.91484375 0.1390625 0.16875
4 0.54296875 0.921875 0.1265625 0.153125
4 0.47265625 0.07578125 0.1421875 0.15078125
4 0.2078125 0.121875 0.11484375 0.1703125
4 0.63125 0.14453125 0.1015625 0.15
4 0.875 0.18203125 0.128125 0.17890625