3 0.3640625 0.32421875 0.134375 0.10234375
2 0.671875 0.35703125 0.109375 0.10078125
3 0.5046875 0.484375 0.06796875 0.05546875
1 0.53984375 0.55859375 0.11796875 0.09453125
3 0.6734375 0.565625 0.08203125 0.05
3 0.81171875 0.6328125 0.1265625 0.08828125
3 0.721875 0.7109375 0.096875 0.05859375
1 0.3578125 0.72109375 0.134375 0.09765625
1 0.628125 0.73046875 0.08125 0.05546875
0 0.96796875 0.9484375 0.0625 0.10234375
2 0.73984375 0.1046875 0.05703125 0.04765625
0 0.6890625 0.19140625 0.06796875 0.04375
2 0.15703125 0.22265625 0.10078125 0.0734375