0 0.43671875 0.31484375 0.15234375 0.1296875
0 0.1171875 0.31640625 0.16328125 0.12734375
0 0.7625 0.43828125 0.1453125 0.10078125
0 0.428125 0.496875 0.13359375 0.11171875
0 0.17421875 0.55546875 0.16171875 0.12734375
0 0.79921875 0.6 0.17734375 0.11640625
0 0.59296875 0.6265625 0.14453125 0.11171875
0 0.1578125 0.690625 0.17265625 0.1171875
0 0.465625 0.7234375 0.1296875 0.0984375
0 0.85234375 0.8625 0.16875 0.13828125
0 0.37734375 0.890625 0.1953125 0.1671875
0 0.64609375 0.953125 0.1328125 0.090625
0 0.23203125 0.10546875 0.165625 0.15625
0 0.48828125 0.15625 0.13359375 0.140625
0 0.67421875 0.24609375 0.13671875 0.1140625