5 0.8109375 0.33359375 0.09140625 0.121875
5 0.64609375 0.39765625 0.09609375 0.14296875
5 0.4359375 0.40703125 0.1015625 0.13515625
5 0.17265625 0.415625 0.12109375 0.16328125
5 0.88125 0.55234375 0.09140625 0.11015625
5 0.2828125 0.5734375 0.08984375 0.11484375
5 0.45078125 0.60546875 0.0828125 0.11796875
5 0.6515625 0.63828125 0.109375 0.1453125
5 0.24765625 0.809375 0.08515625 0.11640625
5 0.453125 0.8171875 0.0953125 0.125
5 0.8515625 0.84296875 0.090625 0.1203125
5 0.48359375 0.0875 0.096875 0.13359375
5 0.6390625 0.9171875 0.1140625 0.15859375
5 0.696875 0.1421875 0.0828125 0.121875
5 0.29296875 0.1546875 0.0875 0.1234375