1 0.053125 0.3453125 0.10625 0.1609375
1 0.75234375 0.34609375 0.1015625 0.1375
1 0.60078125 0.37421875 0.11875 0.1859375
1 0.3984375 0.509375 0.1125 0.14453125
1 0.16328125 0.53125 0.14453125 0.22421875
1 0.825 0.54765625 0.15 0.19140625
1 0.59765625 0.640625 0.12265625 0.16484375
1 0.2328125 0.775 0.1125 0.17734375
1 0.453125 0.86328125 0.13515625 0.2046875
1 0.534375 0.0640625 0.0921875 0.128125
1 0.2609375 0.075 0.1140625 0.15
1 0.43203125 0.13046875 0.08828125 0.15
1 0.65390625 0.1921875 0.1 0.15703125
1 0.1765625 0.209375 0.103125 0.1625
1 0.39375 0.290625 0.1 0.1765625