2 0.184375 0.375 0.12109375 0.0875
2 0.54140625 0.38359375 0.14296875 0.09296875
2 0.790625 0.4859375 0.13203125 0.08984375
2 0.35703125 0.50078125 0.11015625 0.0875
2 0.040625 0.56640625 0.08046875 0.09296875
2 0.55 0.584375 0.10078125 0.07890625
2 0.915625 0.659375 0.13359375 0.10390625
2 0.40859375 0.66484375 0.13046875 0.10390625
2 0.21015625 0.703125 0.11953125 0.09296875
2 0.5609375 0.80625 0.1375 0.1203125
2 0.79609375 0.8296875 0.1046875 0.07421875
2 0.3296875 0.875 0.12109375 0.09296875
2 0.58828125 0.1828125 0.11953125 0.0953125
2 0.34296875 0.215625 0.12265625 0.0953125
2 0.8359375 0.26328125 0.1703125 0.1203125