4 0.34921875 0.34921875 0.1390625 0.18671875
4 0.09765625 0.39921875 0.10390625 0.16640625
4 0.58046875 0.41875 0.1078125 0.1375
4 0.93203125 0.43515625 0.10234375 0.14921875
4 0.34921875 0.61640625 0.12578125 0.16484375
4 0.109375 0.65625 0.121875 0.171875
4 0.5875 0.68359375 0.13203125 0.175
4 0.89765625 0.7359375 0.14296875 0.20078125
4 0.26953125 0.88828125 0.1109375 0.16171875
4 0.7171875 0.9125 0.13203125 0.16171875
4 0.50078125 0.921875 0.1203125 0.153125
4 0.434375 0.09296875 0.13515625 0.18515625
4 0.1828125 0.1578125 0.109375 0.16171875
4 0.584375 0.17890625 0.09609375 0.14296875
4 0.81640625 0.21484375 0.121875 0.1703125