1 0.4875 0.4 0.09453125 0.1265625
1 0.68046875 0.44140625 0.10625 0.14296875
1 0.20390625 0.553125 0.0921875 0.12109375
1 0.871875 0.5921875 0.121875 0.15546875
1 0.50390625 0.64765625 0.0796875 0.125
1 0.6703125 0.7390625 0.096875 0.14453125
1 0.32265625 0.74140625 0.109375 0.15703125
1 0.39609375 0.934375 0.08125 0.115625
1 0.559375 0.953125 0.0921875 0.09296875
1 0.34765625 0.140625 0.10546875 0.15
1 0.51328125 0.16875 0.090625 0.14453125
1 0.73671875 0.17421875 0.1 0.14140625
1 0.13984375 0.28125 0.10546875 0.14140625
1 0.2875 0.35390625 0.09765625 0.1421875
1 0.821875 0.35390625 0.0859375 0.11328125