5 0.565625 0.259375 0.08125 0.0625
2 0.665625 0.2640625 0.10703125 0.071875
1 0.61328125 0.025 0.07109375 0.04921875
3 0.6328125 0.346875 0.14140625 0.115625
5 0.2765625 0.3984375 0.14375 0.1109375
1 0.6125 0.46484375 0.08125 0.0625
2 0.43046875 0.4734375 0.08671875 0.0546875
5 0.234375 0.5265625 0.0828125 0.0546875
2 0.1359375 0.6 0.190625 0.13125
2 0.27421875 0.04765625 0.08125 0.0578125
2 0.5515625 0.678125 0.07734375 0.0625
1 0.6734375 0.71015625 0.11328125 0.08046875
5 0.2125 0.78671875 0.0953125 0.0640625
4 0.640625 0.79140625 0.09296875 0.0671875
2 0.05234375 0.16484375 0.1046875 0.1109375