1 0.33046875 0.2625 0.05234375 0.04765625
1 0.47265625 0.26953125 0.09375 0.08359375
2 0.8328125 0.29609375 0.053125 0.04296875
0 0.06875 0.30703125 0.08125 0.06875
1 0.26640625 0.3484375 0.05625 0.04453125
3 0.0171875 0.03359375 0.034375 0.05703125
3 0.0421875 0.384375 0.084375 0.05703125
5 0.52890625 0.4296875 0.09296875 0.08671875
2 0.1515625 0.04140625 0.096875 0.0828125
2 0.3171875 0.4515625 0.10078125 0.09296875
5 0.41015625 0.46875 0.05546875 0.04921875
5 0.784375 0.503125 0.05546875 0.0421875
2 0.5265625 0.5265625 0.0546875 0.04453125
5 0.2015625 0.55 0.0640625 0.04296875
2 0.828125 0.553125 0.07265625 0.0609375
3 0.73359375 0.56171875 0.10078125 0.08515625
1 0.61640625 0.60390625 0.053125 0.04375
2 0.396875 0.65546875 0.0609375 0.04609375
1 0.41796875 0.7265625 0.09609375 0.0640625
4 0.334375 0.7421875 0.06328125 0.05234375
5 0.67890625 0.0859375 0.0671875 0.059375
0 0.30703125 0.015625 0.03515625 0.03125
2 0.4828125 0.196875 0.0546875 0.0578125
3 0.31484375 0.2046875 0.0828125 0.0734375
0 0.15 0.2140625 0.109375 0.08671875
2 0.49453125 0.23125 0.05 0.04296875
2 0.61796875 0.25 0.10234375 0.08671875