5 0.06875 0.62890625 0.1375 0.3578125
0 0.4421875 0.628125 0.19921875 0.35625
2 0.9265625 0.659375 0.13984375 0.40625
5 0.55625 0.840625 0.23046875 0.30625
3 0.31796875 0.846875 0.2375 0.29375
4 0.925 0.909375 0.14296875 0.16875
1 0.6765625 0.134375 0.18515625 0.26875
4 0.78515625 0.240625 0.178125 0.33125
2 0.56796875 0.26875 0.19921875 0.35
5 0.92109375 0.3125 0.15 0.3625
0 0.05078125 0.371875 0.1015625 0.25625
2 0.4390625 0.396875 0.18515625 0.34375
0 0.21484375 0.484375 0.178125 0.31875
5 0.615625 0.51875 0.18203125 0.375