2 0.54921875 0.39765625 0.09296875 0.1296875
2 0.71640625 0.42734375 0.10078125 0.16328125
2 0.11015625 0.434375 0.1328125 0.18984375
2 0.84296875 0.5390625 0.10546875 0.15
2 0.378125 0.5578125 0.13125 0.18984375
2 0.590625 0.6015625 0.13203125 0.178125
2 0.15390625 0.7078125 0.109375 0.15
2 0.865625 0.815625 0.13046875 0.18359375
2 0.6046875 0.08359375 0.0859375 0.121875
2 0.5890625 0.86171875 0.13515625 0.175
2 0.3265625 0.878125 0.134375 0.1953125
2 0.41875 0.12109375 0.08203125 0.146875
2 0.715625 0.2265625 0.11953125 0.178125
2 0.34375 0.30625 0.10546875 0.14296875
2 0.89375 0.328125 0.10078125 0.13828125