0 0.22890625 0.34453125 0.1109375 0.16640625
0 0.82890625 0.3609375 0.14140625 0.178125
0 0.0921875 0.4390625 0.12734375 0.17890625
0 0.71875 0.4453125 0.10390625 0.1703125
0 0.2265625 0.515625 0.1234375 0.175
0 0.91953125 0.5390625 0.11171875 0.16640625
0 0.59921875 0.55390625 0.115625 0.16328125
0 0.39609375 0.5609375 0.12109375 0.1875
0 0.80546875 0.7015625 0.165625 0.25
0 0.13828125 0.7546875 0.15 0.2109375
0 0.40390625 0.78046875 0.12890625 0.1875
0 0.61875 0.84296875 0.13984375 0.1890625
0 0.43828125 0.13515625 0.1234375 0.20390625
0 0.41640625 0.325 0.09296875 0.140625
0 0.565625 0.325 0.12578125 0.18203125