5 0.8140625 0.33515625 0.0921875 0.12265625
5 0.6484375 0.39921875 0.096875 0.14375
5 0.43671875 0.40859375 0.1015625 0.1359375
5 0.171875 0.41796875 0.121875 0.1640625
5 0.884375 0.55546875 0.0921875 0.1109375
5 0.2828125 0.5765625 0.090625 0.115625
5 0.4515625 0.6078125 0.0828125 0.11875
5 0.653125 0.64140625 0.109375 0.14609375
5 0.24765625 0.81328125 0.08515625 0.1171875
5 0.45390625 0.82109375 0.0953125 0.12578125
5 0.85390625 0.846875 0.09140625 0.1203125
5 0.484375 0.0875 0.096875 0.134375
5 0.640625 0.9203125 0.115625 0.15625
5 0.69921875 0.1421875 0.08359375 0.12265625
5 0.29296875 0.1546875 0.08828125 0.12421875