1 0.46171875 0.2203125 0.04921875 0.0453125
4 0.425 0.2546875 0.03515625 0.03515625
5 0.55390625 0.2875 0.028125 0.02265625
5 0.6734375 0.29453125 0.0390625 0.03125
0 0.521875 0.32578125 0.05390625 0.04921875
0 0.71484375 0.33046875 0.03203125 0.0265625
5 0.74140625 0.33203125 0.02890625 0.0234375
5 0.428125 0.340625 0.03828125 0.03125
3 0.221875 0.35703125 0.05859375 0.04453125
2 0.7578125 0.365625 0.034375 0.025
3 0.49453125 0.36796875 0.06171875 0.04765625
5 0.603125 0.3703125 0.02734375 0.02265625
2 0.81015625 0.384375 0.0328125 0.02578125
3 0.403125 0.39375 0.0421875 0.034375
2 0.34375 0.3984375 0.06328125 0.0515625
2 0.065625 0.4 0.07109375 0.0484375
2 0.6671875 0.40078125 0.0625 0.04609375
2 0.77890625 0.4234375 0.05546875 0.04140625
1 0.4953125 0.44140625 0.02421875 0.021875
0 0.4046875 0.46328125 0.05859375 0.0484375
3 0.48515625 0.465625 0.05390625 0.0390625
5 0.68359375 0.46640625 0.05625 0.04140625
1 0.71796875 0.48984375 0.0375 0.0265625
2 0.4328125 0.490625 0.0453125 0.03828125
2 0.484375 0.50546875 0.04765625 0.034375
2 0.35625 0.5171875 0.0640625 0.05390625
1 0.72109375 0.51953125 0.04140625 0.03046875
5 0.74765625 0.52734375 0.034375 0.025
1 0.25859375 0.5296875 0.0640625 0.0515625
2 0.628125 0.53515625 0.03515625 0.02578125
3 0.64375 0.57890625 0.02890625 0.0234375
0 0.7203125 0.5828125 0.03515625 0.028125
3 0.21328125 0.5890625 0.06640625 0.04453125
1 0.46015625 0.6140625 0.04375 0.03515625
5 0.33984375 0.63515625 0.0703125 0.046875
4 0.4203125 0.65078125 0.05078125 0.04140625
3 0.45390625 0.671875 0.0421875 0.03359375
0 0.64453125 0.70078125 0.03125 0.02421875
0 0.54453125 0.7015625 0.028125 0.02421875
3 0.4734375 0.71484375 0.05234375 0.04296875
0 0.43671875 0.11328125 0.02421875 0.02265625