2 0.65859375 0.34921875 0.11015625 0.165625
2 0.36640625 0.421875 0.10546875 0.13828125
2 0.490625 0.4921875 0.08984375 0.1203125
2 0.89453125 0.5 0.13125 0.1578125
2 0.1359375 0.509375 0.09609375 0.13984375
2 0.6859375 0.61875 0.10546875 0.13984375
2 0.2875 0.65546875 0.13828125 0.1890625
2 0.5953125 0.87578125 0.09921875 0.13984375
2 0.3734375 0.915625 0.1015625 0.14375
2 0.3 0.08671875 0.09140625 0.14765625
2 0.51015625 0.0921875 0.103125 0.13671875
2 0.7015625 0.1109375 0.10546875 0.1453125
2 0.8328125 0.26328125 0.08671875 0.121875
2 0.478125 0.28359375 0.1078125 0.1453125
2 0.253125 0.30078125 0.0984375 0.1296875