1 0.1953125 0.38046875 0.0859375 0.12421875
1 0.5859375 0.3859375 0.08671875 0.1125
1 0.35 0.4171875 0.11953125 0.1578125
1 0.76953125 0.44609375 0.13984375 0.171875
1 0.18671875 0.5953125 0.09453125 0.11953125
1 0.49453125 0.6 0.10859375 0.146875
1 0.78671875 0.67578125 0.10703125 0.1296875
1 0.36640625 0.771875 0.10234375 0.13671875
1 0.6328125 0.78671875 0.0890625 0.11796875
1 0.2015625 0.8453125 0.0984375 0.13828125
1 0.49609375 0.92265625 0.103125 0.1515625
1 0.6734375 0.0921875 0.109375 0.14140625
1 0.2640625 0.15234375 0.10703125 0.16328125
1 0.490625 0.18828125 0.0828125 0.125
1 0.7921875 0.24140625 0.084375 0.11953125