4 0.80625 0.31875 0.1125 0.159375
4 0.45546875 0.37265625 0.0953125 0.1421875
4 0.2875 0.43359375 0.10390625 0.1578125
4 0.88671875 0.525 0.13515625 0.18515625
4 0.6703125 0.53203125 0.10703125 0.1703125
4 0.48046875 0.61484375 0.13828125 0.21875
4 0.1953125 0.6671875 0.14375 0.21640625
4 0.80078125 0.7765625 0.11015625 0.19375
4 0.38515625 0.88125 0.1078125 0.16171875
4 0.61328125 0.88125 0.140625 0.2078125
4 0.55625 0.06953125 0.103125 0.1390625
4 0.37265625 0.090625 0.0796875 0.13359375
4 0.71640625 0.14609375 0.0875 0.14375
4 0.25859375 0.22109375 0.1046875 0.16640625
4 0.621875 0.290625 0.09140625 0.14921875