5 0.0984375 0.36015625 0.0921875 0.11015625
5 0.3703125 0.42109375 0.109375 0.140625
5 0.67421875 0.4953125 0.10390625 0.13125
5 0.9140625 0.640625 0.1171875 0.1453125
5 0.47578125 0.65078125 0.09453125 0.13359375
5 0.175 0.66953125 0.1171875 0.1421875
5 0.759375 0.84296875 0.09296875 0.12109375
5 0.0609375 0.88046875 0.121875 0.1578125
5 0.52265625 0.928125 0.1171875 0.140625
5 0.25625 0.94375 0.10859375 0.11171875
5 0.49140625 0.11015625 0.09609375 0.1296875
5 0.278125 0.14296875 0.13359375 0.1703125
5 0.7515625 0.23359375 0.0859375 0.1140625
5 0.921875 0.30234375 0.11484375 0.15078125
5 0.575 0.31640625 0.09140625 0.12265625