0 0.6890625 0.328125 0.10234375 0.15546875
0 0.31171875 0.3328125 0.10390625 0.15
0 0.45234375 0.33828125 0.0828125 0.13203125
0 0.57265625 0.46484375 0.12734375 0.18203125
0 0.29375 0.50390625 0.121875 0.1859375
0 0.8484375 0.51171875 0.14296875 0.1890625
0 0.6578125 0.64609375 0.11328125 0.184375
0 0.378125 0.6703125 0.11640625 0.1890625
0 0.915625 0.78828125 0.16796875 0.23984375
0 0.52578125 0.83203125 0.14609375 0.2234375
0 0.7171875 0.8625 0.15390625 0.21640625
0 0.453125 0.1546875 0.09765625 0.1875
0 0.28984375 0.18671875 0.08671875 0.1375
0 0.6015625 0.19609375 0.09921875 0.14140625
0 0.19375 0.309375 0.11484375 0.15703125