5 0.5015625 0.39453125 0.11875 0.175
5 0.053125 0.540625 0.10546875 0.175
5 0.93046875 0.55234375 0.11171875 0.14375
5 0.67421875 0.56484375 0.1421875 0.19140625
5 0.35390625 0.5984375 0.13515625 0.175
5 0.50390625 0.75 0.09609375 0.13828125
5 0.86171875 0.80390625 0.14609375 0.19296875
5 0.6078125 0.0890625 0.10234375 0.153125
5 0.11953125 0.89375 0.16796875 0.21171875
5 0.34375 0.921875 0.11328125 0.15546875
5 0.6671875 0.928125 0.11796875 0.14296875
5 0.38046875 0.15703125 0.12578125 0.17265625
5 0.90546875 0.23203125 0.11015625 0.165625
5 0.1671875 0.2921875 0.11328125 0.15859375
5 0.7625 0.30078125 0.12421875 0.165625