3 0.54453125 0.375 0.08125 0.10703125
3 0.1625 0.37890625 0.08828125 0.11875
3 0.8375 0.4390625 0.109375 0.15546875
3 0.353125 0.459375 0.103125 0.14140625
3 0.65546875 0.5875 0.096875 0.128125
3 0.46328125 0.63671875 0.0953125 0.13984375
3 0.2140625 0.63671875 0.0953125 0.13671875
3 0.83671875 0.665625 0.09296875 0.12109375
3 0.678125 0.7609375 0.1015625 0.12265625
3 0.34140625 0.86015625 0.0953125 0.1296875
3 0.5140625 0.9140625 0.11640625 0.1484375
3 0.615625 0.09609375 0.0890625 0.128125
3 0.24765625 0.11953125 0.11796875 0.15390625
3 0.80703125 0.196875 0.10078125 0.13125
3 0.4515625 0.209375 0.08515625 0.1296875