1 0.434375 0.35078125 0.09375 0.12578125
1 0.6265625 0.39140625 0.10625 0.1421875
1 0.15234375 0.50234375 0.09140625 0.1203125
1 0.8171875 0.54140625 0.12109375 0.1546875
1 0.4515625 0.59609375 0.07890625 0.12421875
1 0.61640625 0.68671875 0.096875 0.14375
1 0.2703125 0.68984375 0.10859375 0.15625
1 0.34375 0.88125 0.08046875 0.11484375
1 0.50546875 0.92109375 0.09140625 0.13515625
1 0.2953125 0.09296875 0.1046875 0.14921875
1 0.4609375 0.12109375 0.08984375 0.14375
1 0.68203125 0.12578125 0.09921875 0.13984375
1 0.0890625 0.23203125 0.1046875 0.13984375
1 0.2359375 0.3046875 0.096875 0.14140625
1 0.7671875 0.3046875 0.0859375 0.1125