1 0.6578125 0.35390625 0.1 0.15703125
1 0.1828125 0.37734375 0.1140625 0.1671875
1 0.41484375 0.39609375 0.1109375 0.1890625
1 0.88046875 0.43515625 0.10546875 0.17109375
1 0.04609375 0.565625 0.09140625 0.17734375
1 0.6296875 0.5703125 0.084375 0.14140625
1 0.1921875 0.60859375 0.10546875 0.1609375
1 0.42265625 0.6421875 0.1015625 0.1640625
1 0.91640625 0.65546875 0.10703125 0.14453125
1 0.77578125 0.796875 0.13828125 0.2046875
1 0.2015625 0.9109375 0.134375 0.175
1 0.671875 0.92109375 0.1046875 0.15703125
1 0.4203125 0.93046875 0.121875 0.1359375
1 0.49765625 0.16328125 0.12578125 0.1890625
1 0.31640625 0.25546875 0.08359375 0.1328125