5 0.06328125 0.6234375 0.12578125 0.34375
0 0.4234375 0.6234375 0.19375 0.34375
2 0.91171875 0.65390625 0.1703125 0.39140625
5 0.534375 0.8375 0.22421875 0.31328125
3 0.30234375 0.84375 0.23125 0.3015625
4 0.91015625 0.90390625 0.1734375 0.18046875
1 0.65 0.1359375 0.178125 0.271875
4 0.75703125 0.25 0.1734375 0.31953125
2 0.54609375 0.27734375 0.19375 0.3375
5 0.9046875 0.31640625 0.1765625 0.34375
0 0.04609375 0.3765625 0.0921875 0.246875
2 0.4203125 0.40078125 0.18046875 0.33125
0 0.20234375 0.48515625 0.1734375 0.30703125
5 0.5921875 0.51796875 0.1765625 0.36171875