3 0.75234375 0.49453125 0.128125 0.1890625
3 0.46171875 0.525 0.128125 0.1609375
1 0.31171875 0.53359375 0.128125 0.178125
1 0.43359375 0.63359375 0.12421875 0.2
0 0.72421875 0.678125 0.12421875 0.178125
3 0.33125 0.68046875 0.14140625 0.18359375
1 0.30546875 0.8109375 0.12421875 0.2109375
5 0.86328125 0.86640625 0.15390625 0.221875
2 0.26953125 0.09140625 0.08515625 0.15
1 0.778125 0.15546875 0.1109375 0.16640625
0 0.575 0.1640625 0.0984375 0.1609375
4 0.42109375 0.16953125 0.12421875 0.15
2 0.73515625 0.20859375 0.11953125 0.1609375
4 0.31875 0.221875 0.0984375 0.15546875
5 0.215625 0.228125 0.0984375 0.15546875
2 0.73046875 0.296875 0.10234375 0.171875
1 0.41015625 0.3109375 0.1109375 0.15546875
0 0.6390625 0.3609375 0.0984375 0.16640625
2 0.52109375 0.3640625 0.1109375 0.19453125
5 0.32265625 0.371875 0.0984375 0.15546875
0 0.196875 0.38046875 0.128125 0.1609375
5 0.8421875 0.425 0.128125 0.171875
2 0.47421875 0.44140625 0.10234375 0.15
0 0.37578125 0.446875 0.10234375 0.15