3 0.609375 0.3984375 0.04296875 0.0578125
5 0.38828125 0.409375 0.0578125 0.0765625
0 0.50625 0.49609375 0.04765625 0.06328125
5 0.55 0.515625 0.04296875 0.07109375
3 0.59453125 0.52578125 0.04453125 0.06171875
5 0.51015625 0.54765625 0.0578125 0.0703125
1 0.47109375 0.59140625 0.0453125 0.06484375
0 0.37109375 0.5984375 0.0453125 0.06328125
3 0.5828125 0.64140625 0.0578125 0.0765625
0 0.4 0.659375 0.04765625 0.06484375
1 0.6515625 0.6796875 0.0484375 0.06015625
0 0.5671875 0.70390625 0.04296875 0.06015625
3 0.521875 0.71015625 0.0515625 0.07421875
4 0.4140625 0.83125 0.05546875 0.0734375
2 0.4359375 0.159375 0.040625 0.0546875
0 0.39921875 0.28359375 0.05 0.071875