5 0.79140625 0.2328125 0.125 0.10625
5 0.40078125 0.309375 0.11796875 0.0984375
5 0.18125 0.32890625 0.13515625 0.10625
5 0.91796875 0.346875 0.14140625 0.11171875
5 0.57734375 0.37734375 0.1390625 0.1140625
5 0.3921875 0.4328125 0.12109375 0.0859375
5 0.18125 0.4703125 0.13515625 0.0984375
5 0.92109375 0.53515625 0.15625 0.140625
5 0.6234375 0.54296875 0.16171875 0.1296875
5 0.37265625 0.59765625 0.1734375 0.1296875
5 0.08671875 0.63828125 0.1734375 0.1453125
5 0.8453125 0.7921875 0.1828125 0.1453125
5 0.49765625 0.81953125 0.17265625 0.1328125
5 0.15 0.8359375 0.1625 0.11953125
5 0.5234375 0.203125 0.15546875 0.12421875