1 0.42578125 0.33125 0.059375 0.09140625
1 0.5046875 0.35078125 0.08203125 0.11328125
2 0.35234375 0.38125 0.0828125 0.13046875
4 0.63984375 0.4046875 0.0890625 0.1265625
0 0.4234375 0.41796875 0.0546875 0.08671875
3 0.5703125 0.44609375 0.0703125 0.1078125
0 0.4796875 0.478125 0.075 0.1078125
0 0.70078125 0.50859375 0.0875 0.11796875
2 0.80390625 0.54609375 0.10078125 0.12734375
3 0.2359375 0.55234375 0.08671875 0.12109375
0 0.153125 0.559375 0.08671875 0.13515625
1 0.64921875 0.5625 0.09453125 0.14921875
2 0.32734375 0.8828125 0.1078125 0.16015625
3 0.6609375 0.2421875 0.075 0.09375
0 0.4984375 0.27578125 0.06640625 0.0890625
0 0.55859375 0.31171875 0.06171875 0.09453125