1 0.4109375 0.29453125 0.0625 0.0953125
1 0.49375 0.31484375 0.08515625 0.11875
2 0.334375 0.346875 0.08671875 0.1359375
4 0.63515625 0.371875 0.09296875 0.1328125
0 0.40859375 0.38515625 0.05703125 0.090625
3 0.5625 0.4140625 0.0734375 0.1125
0 0.46796875 0.44765625 0.078125 0.1125
0 0.6984375 0.48046875 0.09140625 0.1234375
2 0.80625 0.51875 0.10546875 0.1328125
3 0.2125 0.52578125 0.090625 0.1265625
0 0.1265625 0.5328125 0.090625 0.14140625
1 0.64453125 0.53671875 0.09921875 0.15546875
2 0.3078125 0.87109375 0.1125 0.16796875
3 0.65703125 0.2015625 0.078125 0.09765625
0 0.4875 0.23671875 0.06953125 0.09296875
0 0.55 0.275 0.06484375 0.09921875