0 0.17421875 0.41484375 0.13515625 0.215625
0 0.66796875 0.421875 0.0984375 0.16640625
0 0.92734375 0.43515625 0.14453125 0.225
0 0.5 0.52109375 0.15390625 0.225
0 0.0953125 0.56640625 0.13515625 0.2125
0 0.2984375 0.56796875 0.13515625 0.2265625
0 0.8703125 0.63125 0.13515625 0.20546875
0 0.64921875 0.70078125 0.16015625 0.225
0 0.07734375 0.78984375 0.15390625 0.29375
0 0.3734375 0.8203125 0.15390625 0.25625
0 0.74609375 0.18515625 0.10859375 0.184375
0 0.515625 0.25390625 0.13515625 0.22109375
0 0.89765625 0.275 0.11953125 0.1578125
0 0.7015625 0.284375 0.1234375 0.1609375
0 0.35625 0.31953125 0.1171875 0.18203125