1 0.5625 0.3265625 0.090625 0.1359375
1 0.10859375 0.3515625 0.1109375 0.15859375
1 0.29375 0.36875 0.14375 0.20390625
1 0.7421875 0.4046875 0.1484375 0.2015625
1 0.475 0.52109375 0.128125 0.18359375
1 0.0859375 0.54765625 0.128125 0.18359375
1 0.846875 0.58203125 0.128125 0.165625
1 0.66875 0.70234375 0.11328125 0.16796875
1 0.3203125 0.7171875 0.1375 0.1796875
1 0.50390625 0.8796875 0.14765625 0.2078125
1 0.8234375 0.8890625 0.15234375 0.209375
1 0.6328125 0.0921875 0.11328125 0.1640625
1 0.19765625 0.153125 0.13359375 0.18671875
1 0.446875 0.175 0.103125 0.15078125
1 0.77578125 0.19140625 0.09765625 0.13515625