5 0.584375 0.26015625 0.08203125 0.06328125
2 0.68515625 0.26484375 0.1078125 0.07265625
1 0.63359375 0.02421875 0.0734375 0.0484375
3 0.6515625 0.3484375 0.14296875 0.1171875
5 0.2921875 0.4 0.1453125 0.1125
1 0.63125 0.46796875 0.08203125 0.06328125
2 0.44765625 0.4765625 0.08828125 0.05546875
5 0.24921875 0.5296875 0.08359375 0.05546875
2 0.15 0.60390625 0.19296875 0.13203125
2 0.2890625 0.04609375 0.08203125 0.05859375
2 0.56953125 0.6828125 0.078125 0.06328125
1 0.69296875 0.715625 0.11484375 0.08125
5 0.2265625 0.79296875 0.096875 0.06484375
4 0.66015625 0.79765625 0.09453125 0.0671875
2 0.05859375 0.1640625 0.1171875 0.1109375