1 0.19921875 0.3765625 0.084375 0.12265625
1 0.5859375 0.38203125 0.0859375 0.11171875
1 0.35234375 0.41328125 0.11875 0.15625
1 0.7671875 0.44140625 0.13828125 0.1703125
1 0.190625 0.5890625 0.09375 0.11796875
1 0.4953125 0.59453125 0.10703125 0.1453125
1 0.784375 0.66953125 0.10546875 0.128125
1 0.36875 0.7640625 0.10078125 0.13515625
1 0.63203125 0.778125 0.08828125 0.11640625
1 0.20546875 0.83671875 0.096875 0.13671875
1 0.496875 0.91328125 0.10234375 0.15
1 0.671875 0.09140625 0.10859375 0.13984375
1 0.2671875 0.15078125 0.10625 0.16171875
1 0.49140625 0.18671875 0.08203125 0.1234375
1 0.78984375 0.2390625 0.08359375 0.11796875