1 0.1828125 0.32109375 0.12578125 0.16953125
1 0.41796875 0.33046875 0.11875 0.18046875
1 0.88984375 0.37734375 0.10546875 0.16015625
1 0.0453125 0.5046875 0.090625 0.17578125
1 0.640625 0.52109375 0.0921875 0.146875
1 0.19296875 0.55234375 0.103125 0.16640625
1 0.42890625 0.58515625 0.10859375 0.1640625
1 0.928125 0.603125 0.11171875 0.15390625
1 0.78828125 0.7390625 0.1390625 0.2109375
1 0.1984375 0.8671875 0.13359375 0.20390625
1 0.6796875 0.87734375 0.11484375 0.16953125
1 0.4265625 0.89765625 0.13125 0.1859375
1 0.5 0.096875 0.11953125 0.19375
1 0.31640625 0.19140625 0.07734375 0.159375
1 0.67109375 0.29296875 0.1109375 0.15546875