5 0.16171875 0.4859375 0.14296875 0.190625
1 0.8765625 0.51640625 0.13359375 0.16640625
3 0.6140625 0.51875 0.16171875 0.18125
4 0.31171875 0.5953125 0.1765625 0.190625
3 0.67890625 0.690625 0.14765625 0.18125
4 0.5 0.69296875 0.18125 0.1859375
1 0.8640625 0.75234375 0.16640625 0.18125
2 0.309375 0.80703125 0.16171875 0.1953125
0 0.509375 0.2453125 0.15234375 0.1859375
0 0.28359375 0.32890625 0.1765625 0.2
5 0.71171875 0.33359375 0.12890625 0.16171875
2 0.44296875 0.41171875 0.14296875 0.1765625