5 0.3828125 0.4046875 0.05390625 0.08125
2 0.678125 0.45234375 0.04375 0.06796875
5 0.18203125 0.45390625 0.0484375 0.065625
2 0.52890625 0.45546875 0.0375 0.0625
3 0.3046875 0.50390625 0.04921875 0.06640625
4 0.60546875 0.5109375 0.05 0.07578125
1 0.73125 0.51171875 0.04609375 0.075
5 0.48359375 0.51328125 0.0421875 0.06875
3 0.4 0.54453125 0.04140625 0.06796875
3 0.5109375 0.5640625 0.05703125 0.08046875
4 0.5859375 0.56875 0.05546875 0.08671875
0 0.5 0.696875 0.06171875 0.0953125
3 0.4203125 0.74453125 0.065625 0.096875
5 0.67578125 0.82265625 0.053125 0.090625
5 0.8046875 0.83515625 0.0890625 0.1265625
1 0.45703125 0.31640625 0.03984375 0.0609375