3 0.515625 0.3453125 0.084375 0.1109375
3 0.11875 0.35 0.09140625 0.1234375
3 0.8203125 0.41171875 0.1140625 0.16171875
3 0.31640625 0.43359375 0.1078125 0.14765625
3 0.63125 0.56640625 0.10078125 0.1328125
3 0.43125 0.61796875 0.09921875 0.1453125
3 0.17265625 0.61796875 0.09921875 0.1421875
3 0.81953125 0.64765625 0.096875 0.12578125
3 0.6546875 0.746875 0.10625 0.12734375
3 0.3046875 0.84921875 0.09921875 0.13515625
3 0.48359375 0.90625 0.12109375 0.1546875
3 0.58984375 0.06171875 0.09296875 0.12265625
3 0.20703125 0.08046875 0.12265625 0.16015625
3 0.78828125 0.16015625 0.1046875 0.13671875
3 0.41953125 0.1734375 0.0890625 0.13515625