4 0.20859375 0.27578125 0.06015625 0.04453125
1 0.75703125 0.30078125 0.02890625 0.02265625
5 0.45390625 0.31171875 0.0359375 0.03125
2 0.21484375 0.31640625 0.0484375 0.04453125
2 0.64765625 0.325 0.0265625 0.025
2 0.5921875 0.37578125 0.053125 0.03984375
2 0.30078125 0.37890625 0.02265625 0.02265625
2 0.81171875 0.38125 0.0421875 0.02421875
5 0.7765625 0.38359375 0.028125 0.02265625
2 0.51640625 0.40546875 0.034375 0.028125
2 0.546875 0.409375 0.03125 0.0234375
3 0.8109375 0.41171875 0.05390625 0.04375
0 0.2875 0.4171875 0.0265625 0.01953125
1 0.58359375 0.425 0.04453125 0.040625
5 0.70390625 0.4390625 0.0515625 0.03828125
1 0.8171875 0.44921875 0.028125 0.02265625
2 0.759375 0.459375 0.03203125 0.0234375
3 0.4953125 0.46171875 0.03671875 0.03515625
2 0.046875 0.46171875 0.046875 0.03046875
1 0.53984375 0.46953125 0.0265625 0.0234375
5 0.7078125 0.48046875 0.0328125 0.02265625
2 0.29296875 0.4828125 0.0625 0.046875
3 0.15234375 0.48984375 0.06796875 0.05
1 0.60234375 0.5046875 0.02734375 0.02421875
2 0.69296875 0.50546875 0.0578125 0.04609375
2 0.82421875 0.515625 0.034375 0.0234375
1 0.86328125 0.51796875 0.04140625 0.0328125
0 0.47890625 0.51953125 0.0609375 0.04921875
4 0.8640625 0.54453125 0.03046875 0.021875
3 0.234375 0.54765625 0.03359375 0.0265625
5 0.73515625 0.559375 0.028125 0.0234375
0 0.54140625 0.56484375 0.04609375 0.03671875
3 0.31953125 0.5703125 0.034375 0.0296875
1 0.25546875 0.5765625 0.06015625 0.0453125
3 0.596875 0.58671875 0.0421875 0.03359375
3 0.38828125 0.5890625 0.05390625 0.04765625
0 0.56484375 0.625 0.04765625 0.03984375
3 0.3578125 0.63203125 0.0421875 0.03359375
1 0.31875 0.64609375 0.0359375 0.03046875
1 0.18515625 0.6609375 0.0671875 0.04453125
0 0.5171875 0.7140625 0.0625 0.0484375