4 0.33828125 0.23984375 0.04296875 0.03515625
5 0.63984375 0.23984375 0.04921875 0.0375
5 0.5 0.25 0.034375 0.02578125
5 0.734375 0.25859375 0.03515625 0.0296875
0 0.703125 0.26015625 0.03515625 0.0296875
0 0.47109375 0.271875 0.0625 0.0546875
2 0.7734375 0.28125 0.040625 0.02890625
2 0.846875 0.2875 0.0421875 0.02890625
5 0.35546875 0.30078125 0.04921875 0.03828125
5 0.58203125 0.3046875 0.0328125 0.03125
3 0.44921875 0.3078125 0.0796875 0.06640625
2 0.6765625 0.31171875 0.06953125 0.05703125
2 0.82734375 0.3171875 0.08046875 0.05390625
3 0.09140625 0.33203125 0.07578125 0.0640625
3 0.3328125 0.34375 0.05234375 0.04609375
2 0.25625 0.35078125 0.08359375 0.06640625
5 0.7328125 0.36484375 0.0796875 0.06015625
1 0.7875 0.38359375 0.05859375 0.04375
3 0.46328125 0.390625 0.0671875 0.0484375
0 0.35234375 0.39921875 0.0796875 0.06640625
1 0.81015625 0.409375 0.0578125 0.0484375
5 0.85234375 0.41484375 0.04453125 0.03359375
2 0.40078125 0.4234375 0.0578125 0.0484375
2 0.47734375 0.428125 0.0578125 0.046875
2 0.6890625 0.43828125 0.04453125 0.03984375
2 0.29453125 0.45859375 0.1046875 0.07734375
0 0.85 0.46875 0.05 0.040625
3 0.7375 0.4796875 0.0421875 0.03515625
1 0.14921875 0.48203125 0.09765625 0.0796875
1 0.478125 0.5453125 0.07265625 0.06015625
3 0.08046875 0.55625 0.10625 0.08125
5 0.2921875 0.58671875 0.10546875 0.0890625
4 0.42734375 0.59609375 0.08359375 0.071875
0 0.81640625 0.61796875 0.04921875 0.04140625
3 0.48828125 0.61953125 0.0578125 0.05859375
0 0.65390625 0.63984375 0.05 0.0453125
3 0.54375 0.6671875 0.09296875 0.07578125
0 0.32421875 0.15546875 0.0296875 0.0203125
1 0.37109375 0.21171875 0.05078125 0.04921875