3 0.121875 0.30234375 0.06953125 0.109375
3 0.428125 0.3265625 0.0671875 0.0953125
2 0.5875 0.3421875 0.08671875 0.12578125
3 0.41328125 0.39453125 0.06484375 0.0984375
0 0.615625 0.40078125 0.071875 0.1140625
3 0.48203125 0.4328125 0.06640625 0.09453125
3 0.38359375 0.4390625 0.08203125 0.121875
2 0.7296875 0.4421875 0.07890625 0.11484375
5 0.5546875 0.4640625 0.0703125 0.1109375
5 0.74375 0.5109375 0.0859375 0.1140625
0 0.475 0.5125 0.0875 0.1203125
5 0.5859375 0.5484375 0.1 0.14765625
3 0.753125 0.59921875 0.0859375 0.1171875
2 0.50390625 0.6875 0.09140625 0.1453125
3 0.59140625 0.6921875 0.11484375 0.18125
1 0.5703125 0.25 0.05859375 0.09765625