2 0.2296875 0.34609375 0.11328125 0.08203125
2 0.56484375 0.35390625 0.134375 0.0875
2 0.79921875 0.45 0.1234375 0.084375
2 0.3921875 0.4640625 0.103125 0.08203125
2 0.0671875 0.52578125 0.12890625 0.0875
2 0.5734375 0.5421875 0.0953125 0.07421875
2 0.9171875 0.6125 0.12578125 0.09765625
2 0.43984375 0.61796875 0.12265625 0.09765625
2 0.25390625 0.65390625 0.1125 0.0875
2 0.58359375 0.7515625 0.12890625 0.11328125
2 0.8046875 0.7734375 0.0984375 0.06953125
2 0.36640625 0.815625 0.11328125 0.0875
2 0.609375 0.16484375 0.1125 0.08984375
2 0.37890625 0.19609375 0.115625 0.08984375
2 0.8421875 0.240625 0.159375 0.1125