4 0.29375 0.41484375 0.13515625 0.20234375
4 0.04609375 0.42265625 0.0921875 0.16328125
4 0.67890625 0.44140625 0.1296875 0.196875
4 0.8984375 0.48984375 0.1296875 0.17578125
4 0.45234375 0.5859375 0.13515625 0.2046875
4 0.10390625 0.6609375 0.1546875 0.2203125
4 0.7609375 0.67421875 0.12578125 0.19375
4 0.27109375 0.84453125 0.1296875 0.215625
4 0.5671875 0.8671875 0.16640625 0.23515625
4 0.56171875 0.06328125 0.11015625 0.12578125
4 0.7484375 0.0921875 0.11328125 0.15390625
4 0.3875 0.1546875 0.1109375 0.159375
4 0.15390625 0.1625 0.1546875 0.22578125
4 0.89609375 0.24765625 0.15390625 0.21875
4 0.51953125 0.29609375 0.090625 0.1421875