1 0.44765625 0.35859375 0.09140625 0.121875
1 0.634375 0.3984375 0.103125 0.13828125
1 0.17421875 0.50625 0.0890625 0.1171875
1 0.8203125 0.54375 0.1171875 0.15
1 0.4640625 0.59765625 0.07734375 0.1203125
1 0.625 0.6859375 0.09375 0.13984375
1 0.2890625 0.68828125 0.10625 0.15234375
1 0.36015625 0.87421875 0.078125 0.11171875
1 0.5171875 0.9140625 0.0890625 0.13125
1 0.31328125 0.1078125 0.10234375 0.1453125
1 0.4734375 0.13515625 0.0875 0.13984375
1 0.6890625 0.13984375 0.096875 0.13671875
1 0.1125 0.24296875 0.10234375 0.13671875
1 0.25546875 0.3140625 0.09375 0.1375
1 0.771875 0.3140625 0.08359375 0.11015625