5 0.565625 0.25234375 0.08671875 0.06640625
2 0.671875 0.25703125 0.1140625 0.07578125
1 0.61640625 0.01484375 0.0765625 0.0296875
3 0.63671875 0.3453125 0.15078125 0.12265625
5 0.25859375 0.39921875 0.153125 0.11796875
1 0.61484375 0.4703125 0.0859375 0.06640625
2 0.421875 0.47890625 0.09296875 0.0578125
5 0.21328125 0.5359375 0.08828125 0.0578125
2 0.10859375 0.61328125 0.203125 0.1390625
2 0.25546875 0.02890625 0.08671875 0.0578125
2 0.55078125 0.696875 0.08203125 0.06640625
1 0.6796875 0.73046875 0.1203125 0.0859375
5 0.18984375 0.8125 0.1015625 0.06796875
4 0.6453125 0.8171875 0.09921875 0.07109375
2 0.0375 0.1515625 0.07421875 0.11640625