0 0.490625 0.33984375 0.03203125 0.05390625
1 0.625 0.37890625 0.0359375 0.0421875
3 0.50390625 0.3796875 0.03125 0.05078125
1 0.3703125 0.3828125 0.04375 0.05703125
5 0.29453125 0.39140625 0.03515625 0.05078125
2 0.46875 0.421875 0.03828125 0.05546875
3 0.36953125 0.4265625 0.0375 0.053125
3 0.5015625 0.4328125 0.03984375 0.05859375
0 0.36171875 0.48046875 0.046875 0.06796875
3 0.6625 0.4859375 0.04296875 0.05625
4 0.59921875 0.490625 0.03984375 0.05546875
0 0.55390625 0.55078125 0.040625 0.06640625
4 0.615625 0.61171875 0.03359375 0.053125
5 0.75703125 0.70390625 0.05 0.0671875
5 0.096875 0.16796875 0.03828125 0.04375
5 0.1171875 0.19453125 0.03203125 0.04765625
3 0.08984375 0.215625 0.04375 0.0640625
4 0.14296875 0.2171875 0.03203125 0.0609375
5 0.1734375 0.22578125 0.040625 0.05859375
4 0.45078125 0.31328125 0.034375 0.05078125
0 0.17734375 0.31796875 0.04140625 0.0625