0 0.6265625 0.31484375 0.09765625 0.13984375
0 0.18125 0.37734375 0.1171875 0.159375
0 0.7171875 0.425 0.0984375 0.134375
0 0.33515625 0.43125 0.1140625 0.1609375
0 0.5046875 0.44453125 0.10078125 0.1765625
0 0.884375 0.4875 0.146875 0.19609375
0 0.09453125 0.584375 0.16796875 0.2015625
0 0.56484375 0.6765625 0.11953125 0.17109375
0 0.70078125 0.69296875 0.12109375 0.16796875
0 0.30390625 0.71015625 0.11796875 0.16796875
0 0.8140625 0.15703125 0.10703125 0.1640625
0 0.59765625 0.165625 0.0953125 0.1625
0 0.459375 0.18828125 0.08359375 0.13046875
0 0.28984375 0.240625 0.09765625 0.146875
0 0.921875 0.29765625 0.10234375 0.12734375