4 0.11796875 0.38203125 0.0875 0.11796875
4 0.52109375 0.40078125 0.0859375 0.121875
4 0.3125 0.459375 0.121875 0.15546875
4 0.84375 0.49140625 0.12265625 0.1671875
4 0.596875 0.5984375 0.0984375 0.12890625
4 0.12890625 0.625 0.10234375 0.15078125
4 0.3890625 0.6671875 0.08828125 0.13046875
4 0.75625 0.71484375 0.08984375 0.1234375
4 0.21015625 0.825 0.10546875 0.13203125
4 0.5890625 0.83203125 0.10703125 0.1421875
4 0.40703125 0.9171875 0.10625 0.15390625
4 0.646875 0.11171875 0.10078125 0.14375
4 0.2546875 0.1375 0.11875 0.1609375
4 0.45078125 0.1953125 0.09375 0.1390625
4 0.79296875 0.240625 0.0921875 0.1234375