5 0.14140625 0.4578125 0.14140625 0.1890625
1 0.84921875 0.48828125 0.13203125 0.16484375
3 0.58984375 0.490625 0.16015625 0.17890625
4 0.28984375 0.56640625 0.17421875 0.1890625
3 0.653125 0.66015625 0.14609375 0.17890625
4 0.4765625 0.6625 0.17890625 0.18359375
1 0.8375 0.721875 0.16484375 0.17890625
2 0.2875 0.77578125 0.16015625 0.19375
0 0.4859375 0.21953125 0.15078125 0.18359375
0 0.26171875 0.3015625 0.17421875 0.1984375
5 0.6859375 0.30625 0.12734375 0.16015625
2 0.41953125 0.384375 0.14140625 0.17421875