2 0.16953125 0.34296875 0.09375 0.12421875
2 0.45703125 0.38359375 0.09375 0.12578125
2 0.17265625 0.540625 0.1234375 0.14140625
2 0.59375 0.54296875 0.13203125 0.18046875
2 0.85703125 0.57109375 0.1203125 0.18203125
2 0.35703125 0.60859375 0.11484375 0.1515625
2 0.4296875 0.07421875 0.08515625 0.12421875
2 0.7171875 0.79140625 0.10859375 0.153125
2 0.46328125 0.88046875 0.1390625 0.20078125
2 0.78671875 0.103125 0.09921875 0.1515625
2 0.590625 0.11953125 0.0875 0.1296875
2 0.3296875 0.21875 0.12265625 0.175
2 0.4984375 0.22265625 0.09921875 0.14140625
2 0.83046875 0.3234375 0.10859375 0.153125
2 0.6328125 0.3296875 0.11640625 0.1515625