1 0.40625 0.334375 0.059375 0.090625
1 0.48515625 0.35390625 0.08125 0.11328125
2 0.33359375 0.384375 0.0828125 0.1296875
4 0.61875 0.4078125 0.08828125 0.1265625
0 0.40390625 0.42109375 0.05390625 0.0859375
3 0.55 0.4484375 0.0703125 0.10703125
0 0.46015625 0.48046875 0.07421875 0.10703125
0 0.6796875 0.51171875 0.0875 0.1171875
2 0.78203125 0.5484375 0.1 0.1265625
3 0.2171875 0.5546875 0.08671875 0.12109375
0 0.13515625 0.56171875 0.0859375 0.134375
1 0.628125 0.56484375 0.09453125 0.1484375
2 0.3078125 0.88359375 0.1078125 0.159375
3 0.63984375 0.24609375 0.07421875 0.09296875
0 0.478125 0.2796875 0.06640625 0.08828125
0 0.53828125 0.315625 0.06171875 0.09453125