2 0.07734375 0.30390625 0.14140625 0.103125
2 0.65390625 0.3265625 0.12578125 0.08984375
2 0.378125 0.3546875 0.1640625 0.1078125
2 0.8875 0.4015625 0.11484375 0.08671875
2 0.5453125 0.51171875 0.11171875 0.07890625
2 0.08671875 0.51171875 0.1375 0.09453125
2 0.325 0.53203125 0.14296875 0.10546875
2 0.9296875 0.590625 0.1234375 0.084375
2 0.4921875 0.63515625 0.13984375 0.1
2 0.72421875 0.68046875 0.1625 0.1109375
2 0.1078125 0.73828125 0.13046875 0.0953125
2 0.37421875 0.759375 0.1234375 0.08984375
2 0.6015625 0.840625 0.12734375 0.08984375
2 0.51484375 0.1203125 0.13671875 0.12421875
2 0.2515625 0.1703125 0.115625 0.09765625