5 0.10703125 0.3421875 0.0890625 0.10625
5 0.36953125 0.4015625 0.10546875 0.1359375
5 0.66328125 0.4734375 0.1 0.12734375
5 0.8953125 0.6140625 0.11328125 0.140625
5 0.471875 0.6234375 0.0921875 0.12890625
5 0.18125 0.64140625 0.11328125 0.1375
5 0.74609375 0.81015625 0.08984375 0.1171875
5 0.065625 0.84609375 0.125 0.1515625
5 0.5171875 0.89453125 0.1125 0.140625
5 0.259375 0.92421875 0.1046875 0.14296875
5 0.48671875 0.10078125 0.09296875 0.12578125
5 0.28046875 0.1328125 0.12890625 0.16484375
5 0.73828125 0.2203125 0.0828125 0.11015625
5 0.903125 0.28671875 0.1109375 0.14609375
5 0.5671875 0.3 0.0890625 0.11875