1 0.2203125 0.35390625 0.11796875 0.15859375
1 0.440625 0.3625 0.11171875 0.16875
1 0.88359375 0.40703125 0.0984375 0.15078125
1 0.07421875 0.52578125 0.11796875 0.1640625
1 0.64921875 0.54140625 0.0859375 0.1375
1 0.2296875 0.5703125 0.096875 0.15546875
1 0.45078125 0.6015625 0.1015625 0.15390625
1 0.91875 0.61796875 0.1046875 0.14375
1 0.78828125 0.7453125 0.13046875 0.19765625
1 0.23515625 0.86640625 0.12578125 0.19140625
1 0.68671875 0.87578125 0.1078125 0.159375
1 0.44921875 0.89453125 0.12265625 0.17421875
1 0.51796875 0.1421875 0.11171875 0.184375
1 0.34609375 0.23203125 0.07265625 0.14921875
1 0.678125 0.32734375 0.10390625 0.1453125