1 0.3625 0.36875 0.14609375 0.21484375
1 0.14140625 0.39765625 0.13671875 0.171875
1 0.93125 0.4234375 0.11640625 0.1703125
1 0.59765625 0.48125 0.1421875 0.2078125
1 0.1890625 0.60234375 0.14921875 0.22421875
1 0.85625 0.61484375 0.12734375 0.209375
1 0.434375 0.696875 0.12734375 0.20625
1 0.75234375 0.821875 0.16171875 0.2328125
1 0.28046875 0.88125 0.14296875 0.23671875
1 0.61796875 0.0734375 0.1171875 0.14609375
1 0.78359375 0.13125 0.0796875 0.13359375
1 0.459375 0.1515625 0.0984375 0.16328125
1 0.18515625 0.1796875 0.12734375 0.1921875
1 0.846875 0.2625 0.13671875 0.20390625
1 0.62734375 0.28359375 0.10078125 0.146875