1 0.60390625 0.35 0.12890625 0.16796875
1 0.23671875 0.4109375 0.1171875 0.1609375
1 0.759375 0.5421875 0.13125 0.184375
1 0.4390625 0.55234375 0.14765625 0.20703125
1 0.1609375 0.71328125 0.17109375 0.23203125
1 0.88984375 0.725 0.1375 0.2125
1 0.6171875 0.76953125 0.1390625 0.20703125
1 0.38828125 0.80234375 0.13046875 0.184375
1 0.62265625 0.075 0.1078125 0.15
1 0.471875 0.09296875 0.128125 0.18515625
1 0.31484375 0.10859375 0.0984375 0.1390625
1 0.753125 0.1828125 0.1 0.1546875
1 0.18125 0.23515625 0.12265625 0.184375
1 0.41640625 0.28359375 0.090625 0.1421875
1 0.9046875 0.30625 0.146875 0.18984375