0 0.4671875 0.30390625 0.0328125 0.05546875
1 0.60625 0.34375 0.0375 0.04453125
3 0.48125 0.34453125 0.0328125 0.053125
1 0.3421875 0.34765625 0.0453125 0.059375
5 0.26328125 0.35703125 0.0359375 0.053125
2 0.44453125 0.38828125 0.03984375 0.0578125
3 0.34140625 0.39375 0.0390625 0.0546875
3 0.478125 0.4 0.04140625 0.0609375
0 0.3328125 0.44921875 0.0484375 0.0703125
3 0.6453125 0.4546875 0.04453125 0.05859375
4 0.5796875 0.459375 0.04140625 0.05703125
0 0.5328125 0.521875 0.0421875 0.06875
4 0.59609375 0.58515625 0.03515625 0.05546875
5 0.74375 0.68125 0.05234375 0.0703125
5 0.0578125 0.125 0.03984375 0.0453125
5 0.0796875 0.15234375 0.0328125 0.04921875
3 0.05 0.17421875 0.0453125 0.06640625
4 0.10546875 0.17578125 0.03359375 0.06328125
5 0.1375 0.18515625 0.0421875 0.0609375
4 0.42578125 0.27578125 0.0359375 0.053125
0 0.1421875 0.28125 0.04296875 0.06484375