0 0.4625 0.303125 0.14375 0.12265625
0 0.1609375 0.30390625 0.15390625 0.1203125
0 0.76875 0.41953125 0.1375 0.0953125
0 0.45390625 0.47421875 0.12578125 0.1046875
0 0.2140625 0.52890625 0.15234375 0.1203125
0 0.80390625 0.571875 0.1671875 0.11015625
0 0.609375 0.596875 0.1359375 0.1046875
0 0.19921875 0.65703125 0.1625 0.11015625
0 0.4890625 0.68828125 0.12265625 0.09296875
0 0.85390625 0.81953125 0.159375 0.13046875
0 0.40546875 0.8453125 0.184375 0.1578125
0 0.659375 0.915625 0.12265625 0.1078125
0 0.26875 0.10546875 0.15625 0.14765625
0 0.5109375 0.153125 0.12578125 0.1328125
0 0.6859375 0.23828125 0.1296875 0.1078125