1 0.59921875 0.340625 0.0953125 0.14375
1 0.121875 0.3671875 0.1171875 0.1671875
1 0.315625 0.38515625 0.15078125 0.2140625
1 0.7875 0.42265625 0.15625 0.2125
1 0.50703125 0.5453125 0.134375 0.19296875
1 0.09765625 0.57265625 0.134375 0.19296875
1 0.8984375 0.609375 0.134375 0.175
1 0.7109375 0.7359375 0.11953125 0.1765625
1 0.34375 0.75078125 0.14453125 0.1890625
1 0.5375 0.90625 0.15546875 0.18671875
1 0.87265625 0.9109375 0.1609375 0.17734375
1 0.67265625 0.09296875 0.11953125 0.17265625
1 0.21484375 0.1578125 0.13984375 0.196875
1 0.47734375 0.18046875 0.10859375 0.15859375
1 0.82265625 0.19765625 0.10234375 0.1421875