2 0.078125 0.29609375 0.1375 0.1
2 0.6390625 0.31796875 0.12265625 0.0875
2 0.3703125 0.3453125 0.16015625 0.10546875
2 0.86640625 0.39140625 0.11171875 0.084375
2 0.5328125 0.49765625 0.10859375 0.07734375
2 0.08671875 0.49765625 0.134375 0.0921875
2 0.31875 0.51796875 0.13984375 0.10234375
2 0.90703125 0.575 0.1203125 0.08203125
2 0.48125 0.61796875 0.1359375 0.09765625
2 0.70703125 0.66171875 0.1578125 0.1078125
2 0.10703125 0.71875 0.12734375 0.09296875
2 0.3671875 0.7390625 0.1203125 0.0875
2 0.5875 0.81875 0.1234375 0.0875
2 0.50390625 0.11640625 0.1328125 0.1203125
2 0.246875 0.165625 0.1125 0.09453125