3 0.7875 0.5109375 0.125 0.18515625
3 0.50390625 0.540625 0.125 0.1578125
1 0.35859375 0.54921875 0.125 0.17421875
1 0.47734375 0.646875 0.12109375 0.1953125
0 0.76015625 0.68984375 0.12109375 0.17421875
3 0.37734375 0.69296875 0.1375 0.1796875
1 0.35234375 0.8203125 0.12109375 0.20625
5 0.89609375 0.875 0.15 0.2171875
2 0.31640625 0.1171875 0.08359375 0.146875
1 0.8125 0.1796875 0.10859375 0.16328125
0 0.61484375 0.1875 0.09609375 0.1578125
4 0.46484375 0.19296875 0.12109375 0.146875
2 0.77109375 0.23125 0.11640625 0.1578125
4 0.36484375 0.24453125 0.09609375 0.15234375
5 0.26484375 0.25 0.09609375 0.15234375
2 0.76640625 0.31796875 0.1 0.16875
1 0.45390625 0.33125 0.10859375 0.15234375
0 0.67734375 0.38046875 0.09609375 0.16328125
2 0.5625 0.3828125 0.10859375 0.18984375
5 0.36875 0.39140625 0.09609375 0.15234375
0 0.24609375 0.39921875 0.125 0.1578125
5 0.875 0.44296875 0.125 0.16875
2 0.51640625 0.459375 0.1 0.146875
0 0.42109375 0.46484375 0.1 0.146875