4 0.0765625 0.40703125 0.09296875 0.1265625
4 0.5078125 0.4265625 0.0921875 0.13046875
4 0.28515625 0.48984375 0.1296875 0.16640625
4 0.85234375 0.5234375 0.13125 0.17890625
4 0.5890625 0.63828125 0.10546875 0.1375
4 0.0890625 0.66640625 0.109375 0.1609375
4 0.36640625 0.71171875 0.09453125 0.1390625
4 0.75859375 0.7625 0.09609375 0.13203125
4 0.17578125 0.88125 0.1125 0.14140625
4 0.5796875 0.88828125 0.11484375 0.15234375
4 0.38515625 0.9484375 0.1140625 0.10234375
4 0.64140625 0.11875 0.1078125 0.15390625
4 0.22265625 0.1453125 0.12734375 0.171875
4 0.4328125 0.2078125 0.1 0.1484375
4 0.7984375 0.25625 0.0984375 0.13203125