4 0.36640625 0.35546875 0.13515625 0.18203125
4 0.12109375 0.40390625 0.1015625 0.1625
4 0.59140625 0.4234375 0.1046875 0.134375
4 0.934375 0.4390625 0.1 0.14609375
4 0.36640625 0.615625 0.12265625 0.1609375
4 0.13203125 0.6546875 0.11953125 0.1671875
4 0.5984375 0.68125 0.12890625 0.17109375
4 0.9015625 0.73203125 0.1390625 0.19609375
4 0.2890625 0.88046875 0.1078125 0.1578125
4 0.725 0.90390625 0.12890625 0.1578125
4 0.515625 0.91875 0.11875 0.159375
4 0.44921875 0.0984375 0.13203125 0.19453125
4 0.20390625 0.16875 0.10625 0.1578125
4 0.59609375 0.18984375 0.09375 0.1390625
4 0.821875 0.225 0.11875 0.165625