2 0.39296875 0.2421875 0.07578125 0.06640625
5 0.67578125 0.26328125 0.0453125 0.03125
5 0.12734375 0.2765625 0.06796875 0.05234375
2 0.70859375 0.28203125 0.096875 0.07109375
1 0.4734375 0.284375 0.0796875 0.06171875
2 0.409375 0.29765625 0.0421875 0.034375
5 0.828125 0.303125 0.04140625 0.034375
2 0.3703125 0.3140625 0.0609375 0.046875
1 0.6375 0.3421875 0.04921875 0.0375
1 0.51171875 0.3515625 0.04765625 0.04140625
3 0.45703125 0.37578125 0.0828125 0.06875
3 0.7828125 0.409375 0.05703125 0.0453125
0 0.70078125 0.42890625 0.08515625 0.0703125
0 0.55859375 0.4296875 0.1015625 0.07421875
2 0.053125 0.446875 0.05546875 0.034375
0 0.846875 0.46328125 0.08125 0.059375
0 0.1203125 0.5 0.05 0.04296875
2 0.27109375 0.5546875 0.11953125 0.084375
3 0.6265625 0.57265625 0.10546875 0.08671875
0 0.9703125 0.57890625 0.05859375 0.0984375
3 0.50625 0.6234375 0.08125 0.05703125
3 0.684375 0.65078125 0.0734375 0.0609375
1 0.4484375 0.68984375 0.1328125 0.1046875
3 0.34765625 0.6953125 0.08515625 0.0734375
1 0.67890625 0.70859375 0.08828125 0.059375
3 0.078125 0.7140625 0.13828125 0.09921875
1 0.57578125 0.890625 0.14375 0.1171875
1 0.409375 0.11796875 0.03203125 0.034375
2 0.58671875 0.146875 0.0421875 0.0390625
3 0.63125 0.16015625 0.0734375 0.05625
5 0.5609375 0.1640625 0.03984375 0.028125
2 0.3546875 0.18125 0.04140625 0.03046875
1 0.690625 0.18671875 0.04140625 0.02890625
1 0.84140625 0.20859375 0.04296875 0.04296875
2 0.6703125 0.22109375 0.0375 0.03046875
4 0.87578125 0.22734375 0.0390625 0.03125
2 0.8078125 0.22890625 0.03671875 0.034375
5 0.6015625 0.23046875 0.08359375 0.06015625