2 0.3984375 0.25625 0.0734375 0.0640625
5 0.6734375 0.2765625 0.04375 0.0296875
5 0.14140625 0.28984375 0.06640625 0.05078125
2 0.70546875 0.2953125 0.09375 0.06875
1 0.47734375 0.296875 0.07734375 0.06015625
2 0.41484375 0.31015625 0.04140625 0.03359375
5 0.8203125 0.315625 0.03984375 0.03359375
2 0.37734375 0.32578125 0.059375 0.0453125
1 0.6359375 0.353125 0.04765625 0.03671875
1 0.5140625 0.36171875 0.04609375 0.03984375
3 0.4609375 0.3859375 0.08046875 0.0671875
3 0.77734375 0.41875 0.05546875 0.04375
0 0.69765625 0.4375 0.0828125 0.06796875
0 0.559375 0.43828125 0.0984375 0.071875
2 0.06953125 0.4546875 0.053125 0.03359375
0 0.83828125 0.47109375 0.07890625 0.05703125
0 0.134375 0.50546875 0.0484375 0.04140625
2 0.28125 0.559375 0.115625 0.08203125
3 0.625 0.5765625 0.1015625 0.084375
0 0.96484375 0.5828125 0.06953125 0.09609375
3 0.50859375 0.62578125 0.07890625 0.0546875
3 0.68125 0.6515625 0.071875 0.059375
1 0.453125 0.68984375 0.12890625 0.1015625
3 0.3546875 0.6953125 0.08203125 0.07109375
1 0.67578125 0.7078125 0.0859375 0.0578125
3 0.09375 0.71328125 0.134375 0.096875
1 0.57578125 0.884375 0.1390625 0.1140625
1 0.41484375 0.1359375 0.03046875 0.03359375
2 0.58671875 0.16328125 0.04140625 0.0375
3 0.6296875 0.1765625 0.07109375 0.05390625
5 0.56171875 0.18046875 0.03828125 0.02734375
2 0.36171875 0.196875 0.03984375 0.0296875
1 0.6875 0.20234375 0.03984375 0.028125
1 0.83359375 0.2234375 0.04140625 0.04140625
2 0.66796875 0.2359375 0.0359375 0.0296875
4 0.8671875 0.2421875 0.03828125 0.03046875
2 0.8015625 0.24296875 0.0359375 0.03359375
5 0.60078125 0.24453125 0.08125 0.05859375