1 0.11171875 0.37890625 0.11484375 0.1515625
1 0.78046875 0.38046875 0.0953125 0.1296875
1 0.6375 0.40625 0.1125 0.17578125
1 0.4453125 0.534375 0.10625 0.13671875
1 0.2234375 0.5546875 0.13671875 0.21171875
1 0.84921875 0.5703125 0.14140625 0.18125
1 0.634375 0.6578125 0.11640625 0.15546875
1 0.2890625 0.7859375 0.10625 0.16796875
1 0.49765625 0.86875 0.128125 0.19296875
1 0.57421875 0.0953125 0.08671875 0.15546875
1 0.315625 0.11875 0.1078125 0.15078125
1 0.47734375 0.17578125 0.0828125 0.1421875
1 0.6875 0.234375 0.09453125 0.1484375
1 0.2359375 0.25 0.096875 0.15390625
1 0.44140625 0.32734375 0.09453125 0.1671875