1 0.4546875 0.2328125 0.0484375 0.04453125
4 0.41953125 0.26640625 0.034375 0.034375
5 0.54453125 0.2984375 0.02734375 0.02265625
5 0.66171875 0.30546875 0.03828125 0.03046875
0 0.5140625 0.33515625 0.05234375 0.0484375
0 0.70234375 0.33984375 0.03125 0.0265625
5 0.72890625 0.34140625 0.028125 0.02265625
5 0.421875 0.35 0.0375 0.03046875
3 0.2203125 0.365625 0.0578125 0.04375
2 0.74453125 0.37421875 0.03359375 0.025
3 0.48671875 0.3765625 0.06015625 0.04609375
5 0.59296875 0.37890625 0.0265625 0.021875
2 0.79609375 0.3921875 0.03203125 0.025
3 0.39765625 0.40234375 0.040625 0.03359375
2 0.33984375 0.40625 0.06171875 0.05078125
2 0.06796875 0.4078125 0.06953125 0.04765625
2 0.65546875 0.40859375 0.06171875 0.0453125
2 0.76484375 0.43046875 0.0546875 0.040625
1 0.4875 0.4484375 0.02421875 0.021875
0 0.39921875 0.46953125 0.0578125 0.04765625
3 0.478125 0.47265625 0.053125 0.03828125
5 0.671875 0.4734375 0.05546875 0.040625
1 0.70546875 0.49609375 0.03671875 0.0265625
2 0.4265625 0.496875 0.04453125 0.0375
2 0.47734375 0.5109375 0.046875 0.03359375
2 0.35234375 0.52265625 0.0625 0.053125
1 0.70859375 0.525 0.040625 0.03046875
5 0.734375 0.53203125 0.03359375 0.02421875
1 0.25625 0.534375 0.0625 0.05078125
2 0.6171875 0.540625 0.034375 0.02578125
3 0.6328125 0.58359375 0.028125 0.02265625
0 0.7078125 0.58671875 0.034375 0.02734375
3 0.2125 0.59296875 0.06484375 0.04375
1 0.453125 0.6171875 0.04296875 0.034375
5 0.33515625 0.63828125 0.06875 0.0453125
4 0.4140625 0.653125 0.05 0.040625
3 0.44765625 0.67421875 0.04140625 0.0328125
0 0.63359375 0.70234375 0.03125 0.0234375
0 0.5359375 0.70234375 0.02734375 0.0234375
3 0.46640625 0.715625 0.0515625 0.0421875
0 0.43046875 0.128125 0.02421875 0.021875