4 0.7953125 0.36875 0.11328125 0.16015625
4 0.4421875 0.42265625 0.09609375 0.14296875
4 0.2734375 0.484375 0.10390625 0.159375
4 0.8765625 0.5765625 0.1359375 0.1859375
4 0.65859375 0.58359375 0.1078125 0.171875
4 0.46796875 0.66640625 0.1390625 0.21953125
4 0.18046875 0.71953125 0.14453125 0.21796875
4 0.78984375 0.8296875 0.1109375 0.19453125
4 0.371875 0.9265625 0.10859375 0.14609375
4 0.6015625 0.91484375 0.1421875 0.16953125
4 0.54296875 0.096875 0.1015625 0.18046875
4 0.359375 0.13984375 0.08046875 0.134375
4 0.7046875 0.1953125 0.08828125 0.14453125
4 0.24453125 0.27109375 0.10546875 0.16796875
4 0.61015625 0.340625 0.0921875 0.15