4 0.55234375 0.2625 0.03984375 0.03515625
3 0.31328125 0.2875 0.06484375 0.0515625
2 0.16328125 0.28828125 0.06796875 0.05078125
5 0.6546875 0.31171875 0.02578125 0.025
5 0.50234375 0.32265625 0.03515625 0.0359375
0 0.5984375 0.3265625 0.05859375 0.04921875
5 0.7671875 0.34296875 0.03984375 0.03671875
2 0.390625 0.34375 0.0625 0.0546875
3 0.44453125 0.35234375 0.046875 0.0390625
3 0.5484375 0.353125 0.05390625 0.0515625
0 0.790625 0.378125 0.03046875 0.02578125
0 0.790625 0.38046875 0.03359375 0.0296875
5 0.65 0.38359375 0.02890625 0.025
5 0.81796875 0.38671875 0.02734375 0.0265625
0 0.40078125 0.403125 0.05390625 0.04921875
1 0.503125 0.4140625 0.0265625 0.025
1 0.2296875 0.4171875 0.0640625 0.05390625
2 0.8171875 0.41875 0.034375 0.02578125
2 0.69296875 0.4203125 0.06328125 0.05234375
3 0.4734375 0.42734375 0.0453125 0.04375
2 0.32109375 0.43203125 0.0625 0.0515625
2 0.41171875 0.43671875 0.0421875 0.0421875
2 0.86171875 0.44765625 0.03515625 0.02890625
3 0.14609375 0.4515625 0.071875 0.05234375
2 0.45 0.459375 0.0421875 0.03984375
2 0.80078125 0.46953125 0.0625 0.0546875
5 0.671875 0.4796875 0.05625 0.0484375
1 0.68984375 0.51015625 0.0421875 0.03671875
5 0.2234375 0.5203125 0.08046875 0.05859375
2 0.5703125 0.52421875 0.0421875 0.03203125
1 0.678125 0.5375 0.0453125 0.0390625
1 0.34921875 0.5390625 0.04453125 0.0421875
5 0.70234375 0.553125 0.03671875 0.03125
4 0.28515625 0.55625 0.05390625 0.046875
3 0.55859375 0.5671875 0.03828125 0.03359375
3 0.30078125 0.5859375 0.05859375 0.0421875
0 0.6375 0.5921875 0.0359375 0.03203125
3 0.2890625 0.63125 0.0546875 0.0453125
0 0.36796875 0.64375 0.0421875 0.03359375
0 0.47109375 0.67578125 0.04140625 0.03046875
0 0.64375 0.17109375 0.0265625 0.021875
1 0.603125 0.24296875 0.05390625 0.04375