4 0.11953125 0.3828125 0.08671875 0.11796875
4 0.5203125 0.4015625 0.0859375 0.12109375
4 0.31328125 0.46015625 0.12109375 0.1546875
4 0.84140625 0.49140625 0.121875 0.16640625
4 0.59609375 0.5984375 0.09765625 0.128125
4 0.13046875 0.62421875 0.10234375 0.15
4 0.3890625 0.66640625 0.08828125 0.1296875
4 0.7546875 0.7140625 0.0890625 0.12265625
4 0.21171875 0.82421875 0.1046875 0.13125
4 0.5875 0.83125 0.10703125 0.14140625
4 0.40703125 0.915625 0.10625 0.153125
4 0.6453125 0.1140625 0.10078125 0.14296875
4 0.2546875 0.1390625 0.11875 0.16015625
4 0.45078125 0.19765625 0.09296875 0.13828125
4 0.79140625 0.2421875 0.09140625 0.12265625