4 0.20078125 0.3078125 0.06015625 0.04375
1 0.74609375 0.33203125 0.02890625 0.02265625
5 0.44453125 0.34296875 0.0359375 0.03125
2 0.20703125 0.34765625 0.04765625 0.04375
2 0.6375 0.35625 0.02578125 0.02421875
2 0.58203125 0.40703125 0.053125 0.03984375
2 0.2921875 0.409375 0.021875 0.02265625
2 0.8 0.4125 0.0421875 0.02421875
5 0.765625 0.4140625 0.028125 0.02265625
2 0.50703125 0.4359375 0.03359375 0.028125
2 0.5375 0.43984375 0.03125 0.02265625
3 0.8 0.4421875 0.05390625 0.04375
0 0.27890625 0.4484375 0.0265625 0.01953125
1 0.5734375 0.45546875 0.04453125 0.03984375
5 0.69375 0.46953125 0.0515625 0.03828125
1 0.80546875 0.4796875 0.028125 0.021875
2 0.7484375 0.48984375 0.03203125 0.0234375
3 0.4859375 0.4921875 0.0359375 0.034375
2 0.03984375 0.4921875 0.046875 0.03046875
1 0.5296875 0.49921875 0.0265625 0.0234375
5 0.696875 0.5109375 0.0328125 0.021875
2 0.28515625 0.51328125 0.06171875 0.046875
3 0.14453125 0.51953125 0.0671875 0.05
1 0.5921875 0.534375 0.02734375 0.02421875
2 0.6828125 0.5359375 0.0578125 0.0453125
2 0.8125 0.54609375 0.034375 0.0234375
1 0.8515625 0.5484375 0.040625 0.03203125
0 0.46953125 0.54921875 0.0609375 0.04921875
4 0.853125 0.57421875 0.03046875 0.021875
3 0.2265625 0.57734375 0.03359375 0.0265625
5 0.725 0.5890625 0.028125 0.0234375
0 0.53203125 0.59453125 0.0453125 0.03671875
3 0.3109375 0.6 0.034375 0.0296875
1 0.246875 0.60625 0.06015625 0.0453125
3 0.58671875 0.61640625 0.0421875 0.03359375
3 0.3796875 0.61875 0.05390625 0.046875
0 0.55546875 0.65390625 0.04765625 0.0390625
3 0.34921875 0.6609375 0.0421875 0.03359375
1 0.31015625 0.67578125 0.0359375 0.03046875
1 0.17734375 0.68984375 0.06640625 0.04453125
0 0.50703125 0.74296875 0.0625 0.0484375