1 0.165625 0.3375 0.0953125 0.14140625
1 0.6015625 0.346875 0.09375 0.12890625
1 0.3453125 0.38359375 0.13203125 0.16953125
1 0.815625 0.4125 0.13203125 0.17265625
1 0.153125 0.58359375 0.11171875 0.13984375
1 0.503125 0.590625 0.115625 0.16015625
1 0.83359375 0.6796875 0.10859375 0.1421875
1 0.3609375 0.7796875 0.11953125 0.16015625
1 0.65625 0.79765625 0.09609375 0.12734375
1 0.171875 0.86328125 0.1078125 0.13828125
1 0.709375 0.046875 0.115625 0.09375
1 0.509375 0.9296875 0.11171875 0.13984375
1 0.2484375 0.08359375 0.12421875 0.16640625
1 0.50234375 0.1265625 0.084375 0.12734375
1 0.8359375 0.1875 0.09609375 0.13671875