4 0.54921875 0.2640625 0.04140625 0.0359375
3 0.3015625 0.290625 0.0671875 0.053125
2 0.146875 0.290625 0.0703125 0.05234375
5 0.65390625 0.31484375 0.0265625 0.02578125
5 0.496875 0.3265625 0.0359375 0.03671875
0 0.59609375 0.33046875 0.06015625 0.05078125
5 0.7703125 0.34765625 0.040625 0.0375
2 0.38125 0.34765625 0.0640625 0.05625
3 0.4375 0.35703125 0.04765625 0.040625
3 0.54453125 0.3578125 0.05546875 0.053125
0 0.79453125 0.38359375 0.03125 0.0265625
0 0.79453125 0.3859375 0.03515625 0.03046875
5 0.64921875 0.38984375 0.03046875 0.02578125
5 0.821875 0.3921875 0.028125 0.02734375
0 0.3921875 0.40859375 0.05546875 0.05078125
1 0.49765625 0.42109375 0.02734375 0.02578125
1 0.215625 0.4234375 0.06640625 0.05546875
2 0.82109375 0.42578125 0.0359375 0.0265625
2 0.69375 0.42734375 0.065625 0.05390625
3 0.4671875 0.434375 0.046875 0.0453125
2 0.31015625 0.4390625 0.06484375 0.053125
2 0.403125 0.44375 0.04296875 0.04296875
2 0.86796875 0.45546875 0.0359375 0.0296875
3 0.1296875 0.459375 0.07421875 0.05390625
2 0.44296875 0.4671875 0.04375 0.040625
2 0.8046875 0.478125 0.0640625 0.05625
5 0.67109375 0.48828125 0.05859375 0.05
1 0.690625 0.5203125 0.04296875 0.0375
5 0.209375 0.53046875 0.0828125 0.0609375
2 0.5671875 0.534375 0.04375 0.0328125
1 0.678125 0.5484375 0.046875 0.03984375
1 0.3390625 0.54921875 0.04609375 0.04375
5 0.703125 0.5640625 0.03828125 0.03203125
4 0.27265625 0.5671875 0.05546875 0.0484375
3 0.5546875 0.57890625 0.0390625 0.034375
3 0.2890625 0.5984375 0.06015625 0.04375
0 0.6359375 0.6046875 0.03671875 0.03359375
3 0.2765625 0.64453125 0.05625 0.046875
0 0.35859375 0.65703125 0.04296875 0.034375
0 0.46484375 0.690625 0.0421875 0.03125
0 0.64296875 0.1703125 0.02734375 0.02265625
1 0.60078125 0.24375 0.05546875 0.0453125