4 0.24609375 0.54453125 0.171875 0.234375
0 0.6171875 0.63515625 0.21875 0.3125
3 0.3984375 0.6796875 0.1875 0.28671875
3 0.81640625 0.7109375 0.1796875 0.19296875
5 0.1 0.73984375 0.19921875 0.296875
1 0.26953125 0.8125 0.2109375 0.32265625
2 0.74375 0.15078125 0.18359375 0.23984375
5 0.56640625 0.2578125 0.1796875 0.28671875
1 0.34765625 0.28671875 0.1953125 0.27109375
5 0.834375 0.29453125 0.20703125 0.265625
4 0.19375 0.359375 0.17578125 0.23984375
5 0.509375 0.46875 0.17578125 0.22890625
0 0.928125 0.484375 0.13671875 0.29140625