1 0.59453125 0.36640625 0.09375 0.140625
1 0.125 0.3921875 0.11484375 0.1640625
1 0.31640625 0.41015625 0.1484375 0.21015625
1 0.7796875 0.446875 0.15390625 0.20859375
1 0.50390625 0.5671875 0.1328125 0.1890625
1 0.1015625 0.59453125 0.1328125 0.1890625
1 0.88828125 0.63046875 0.13203125 0.171875
1 0.70390625 0.75390625 0.1171875 0.1734375
1 0.34375 0.76953125 0.1421875 0.1859375
1 0.534375 0.91484375 0.153125 0.16953125
1 0.8640625 0.91953125 0.1578125 0.16015625
1 0.66640625 0.1234375 0.1171875 0.16953125
1 0.2171875 0.18671875 0.1375 0.19296875
1 0.475 0.209375 0.10703125 0.15546875
1 0.81484375 0.2265625 0.10078125 0.1390625