4 0.2421875 0.55 0.17421875 0.23671875
0 0.61875 0.6421875 0.221875 0.315625
3 0.396875 0.68671875 0.190625 0.28984375
3 0.82109375 0.71875 0.1828125 0.19453125
5 0.09921875 0.74765625 0.1984375 0.30546875
1 0.265625 0.82109375 0.2140625 0.3265625
2 0.74765625 0.15234375 0.18671875 0.2421875
5 0.5671875 0.26015625 0.1828125 0.28984375
1 0.3453125 0.28984375 0.1984375 0.2734375
5 0.8390625 0.29765625 0.21015625 0.26875
4 0.18828125 0.36328125 0.17890625 0.2421875
5 0.51015625 0.4734375 0.17890625 0.23125
0 0.93046875 0.48984375 0.13125 0.29453125