5 0.8296875 0.434375 0.0609375 0.065625
1 0.23828125 0.4390625 0.075 0.065625
3 0.69140625 0.44140625 0.065625 0.0515625
4 0.56328125 0.4484375 0.0609375 0.05625
3 0.42734375 0.453125 0.0703125 0.065625
2 0.75 0.45546875 0.0703125 0.0609375
5 0.29453125 0.46015625 0.065625 0.0609375
2 0.6125 0.4671875 0.075 0.065625
5 0.48125 0.47890625 0.065625 0.0609375
2 0.34375 0.47890625 0.0703125 0.0609375
2 0.80625 0.48359375 0.0703125 0.0609375
5 0.2078125 0.48359375 0.0609375 0.0609375
5 0.66796875 0.4859375 0.05625 0.05625
4 0.53515625 0.49765625 0.0703125 0.0703125
2 0.396875 0.49765625 0.075 0.0609375
5 0.26640625 0.5046875 0.05625 0.065625
2 0.721875 0.50703125 0.0703125 0.0703125
1 0.5890625 0.51875 0.065625 0.065625
4 0.4484375 0.52578125 0.075 0.0703125
2 0.31796875 0.53046875 0.075 0.0609375
0 0.6421875 0.5359375 0.065625 0.0609375
5 0.78046875 0.5375 0.075 0.065625
1 0.18671875 0.54453125 0.075 0.0796875
2 0.50859375 0.546875 0.0796875 0.0609375
5 0.37421875 0.5515625 0.065625 0.065625
4 0.69609375 0.55625 0.075 0.065625
1 0.2453125 0.565625 0.0703125 0.084375
4 0.5609375 0.57265625 0.065625 0.0609375
2 0.42421875 0.57578125 0.065625 0.0609375
2 0.75703125 0.584375 0.075 0.075
4 0.2875 0.5890625 0.0703125 0.084375
4 0.6171875 0.59140625 0.075 0.0609375
0 0.48359375 0.60078125 0.0796875 0.0796875
0 0.34375 0.6125 0.0796875 0.075
1 0.6796875 0.6171875 0.0609375 0.065625
5 0.53515625 0.61953125 0.0703125 0.0609375
3 0.39453125 0.6375 0.0703125 0.0796875
2 0.73359375 0.6421875 0.084375 0.0703125
1 0.59375 0.64453125 0.075 0.065625
3 0.4578125 0.6609375 0.075 0.0890625
3 0.64921875 0.6609375 0.075 0.0609375
5 0.509375 0.68203125 0.065625 0.075
5 0.71015625 0.69375 0.075 0.0703125
3 0.565625 0.703125 0.065625 0.0890625
4 0.62421875 0.72109375 0.075 0.075
1 0.68203125 0.75234375 0.075 0.084375
3 0.37890625 0.1109375 0.1078125 0.13515625
3 0.80390625 0.1125 0.103125 0.13046875
3 0.2734375 0.1125 0.0984375 0.13984375
3 0.4859375 0.11484375 0.09375 0.13515625
4 0.165625 0.11484375 0.1078125 0.13515625
4 0.69609375 0.11953125 0.103125 0.12578125
3 0.59140625 0.121875 0.1078125 0.13984375
3 0.34609375 0.240625 0.065625 0.0609375
2 0.396875 0.26171875 0.065625 0.05625
2 0.453125 0.28046875 0.075 0.065625
2 0.3171875 0.2875 0.065625 0.05625
1 0.509375 0.3015625 0.065625 0.0703125
4 0.371875 0.30625 0.0609375 0.0609375
2 0.55625 0.32265625 0.075 0.065625
1 0.42265625 0.3296875 0.0609375 0.0609375
2 0.290625 0.33671875 0.065625 0.0609375
3 0.61015625 0.3484375 0.0796875 0.0703125
2 0.48125 0.35078125 0.075 0.05625
5 0.34609375 0.3625 0.065625 0.0609375
5 0.6609375 0.371875 0.0703125 0.0609375
4 0.39453125 0.378125 0.0609375 0.065625
1 0.528125 0.37890625 0.0609375 0.05625
4 0.26171875 0.3875 0.065625 0.065625
1 0.715625 0.3921875 0.0703125 0.065625
5 0.58203125 0.39921875 0.0703125 0.0609375
4 0.453125 0.4015625 0.065625 0.065625
1 0.77109375 0.40859375 0.075 0.0703125
2 0.315625 0.4109375 0.0703125 0.065625
1 0.6375 0.41796875 0.0703125 0.0609375
0 0.5046875 0.425 0.065625 0.05625
2 0.37578125 0.4296875 0.0703125 0.05625