4 0.51875 0.31796875 0.128125 0.1
4 0.76484375 0.3578125 0.10546875 0.08046875
4 0.31796875 0.40078125 0.1125 0.09375
4 0.8859375 0.478125 0.12421875 0.103125
4 0.57578125 0.48125 0.11953125 0.08828125
4 0.14375 0.4953125 0.1078125 0.08203125
4 0.3328125 0.54765625 0.11796875 0.0875
4 0.69453125 0.6125 0.13515625 0.103125
4 0.9328125 0.640625 0.10703125 0.0859375
4 0.06953125 0.65703125 0.13828125 0.0953125
4 0.45703125 0.6734375 0.10546875 0.08203125
4 0.740625 0.77734375 0.14375 0.11171875
4 0.5609375 0.80078125 0.12109375 0.09609375
4 0.14921875 0.81875 0.10234375 0.08359375
4 0.34453125 0.878125 0.1296875 0.10546875