4 0.53203125 0.3546875 0.1296875 0.1015625
4 0.78046875 0.39453125 0.10625 0.08203125
4 0.32890625 0.43828125 0.1140625 0.09453125
4 0.90234375 0.51640625 0.12578125 0.10390625
4 0.5890625 0.51953125 0.12109375 0.08984375
4 0.15234375 0.53359375 0.10859375 0.0828125
4 0.34453125 0.5859375 0.11875 0.08828125
4 0.709375 0.65234375 0.13671875 0.10390625
4 0.94765625 0.68046875 0.10390625 0.0875
4 0.0734375 0.696875 0.146875 0.09609375
4 0.46953125 0.7140625 0.10703125 0.0828125
4 0.75625 0.81875 0.1453125 0.11328125
4 0.57421875 0.84296875 0.12265625 0.09765625
4 0.15859375 0.8609375 0.103125 0.084375
4 0.35546875 0.92109375 0.13125 0.10703125