5 0.1234375 0.325 0.08984375 0.1078125
5 0.3890625 0.38515625 0.10703125 0.1375
5 0.6859375 0.45703125 0.1015625 0.12890625
5 0.92109375 0.6 0.1140625 0.1421875
5 0.49296875 0.609375 0.09296875 0.13046875
5 0.1984375 0.62734375 0.11484375 0.1390625
5 0.76953125 0.79765625 0.090625 0.11796875
5 0.08203125 0.834375 0.1265625 0.153125
5 0.53828125 0.8828125 0.11328125 0.1421875
5 0.27734375 0.91328125 0.10546875 0.14453125
5 0.5078125 0.08046875 0.09375 0.1265625
5 0.29921875 0.11328125 0.13046875 0.1671875
5 0.76171875 0.2015625 0.08359375 0.1109375
5 0.92890625 0.26875 0.1125 0.14765625
5 0.5890625 0.2828125 0.08984375 0.1203125