2 0.14140625 0.30234375 0.096875 0.12890625
2 0.4390625 0.34453125 0.096875 0.13046875
2 0.14375 0.5078125 0.128125 0.146875
2 0.58203125 0.51015625 0.1375 0.1875
2 0.8546875 0.5390625 0.125 0.1890625
2 0.33515625 0.578125 0.11953125 0.15703125
2 0.41171875 0.04453125 0.0890625 0.08828125
2 0.709375 0.76796875 0.11328125 0.159375
2 0.44609375 0.86015625 0.14453125 0.20859375
2 0.78203125 0.06640625 0.103125 0.1328125
2 0.578125 0.0703125 0.090625 0.134375
2 0.30703125 0.1734375 0.12734375 0.18203125
2 0.48203125 0.17734375 0.103125 0.146875
2 0.82734375 0.28203125 0.11328125 0.159375
2 0.621875 0.28828125 0.12109375 0.15703125