5 0.82734375 0.42734375 0.06328125 0.06796875
1 0.21328125 0.43203125 0.07734375 0.06796875
3 0.684375 0.434375 0.06796875 0.053125
4 0.55078125 0.44140625 0.06328125 0.05859375
3 0.41015625 0.446875 0.07265625 0.06796875
2 0.7453125 0.44921875 0.07265625 0.06328125
5 0.271875 0.45390625 0.06796875 0.06328125
2 0.6015625 0.4609375 0.07734375 0.06796875
5 0.46640625 0.4734375 0.06796875 0.06328125
2 0.32265625 0.4734375 0.07265625 0.06328125
2 0.803125 0.478125 0.07265625 0.06328125
5 0.18203125 0.478125 0.06328125 0.06328125
5 0.66015625 0.48046875 0.05859375 0.05859375
4 0.521875 0.49296875 0.07265625 0.07265625
2 0.37890625 0.49296875 0.07734375 0.06328125
5 0.24296875 0.5 0.05859375 0.06796875
2 0.71640625 0.50234375 0.07265625 0.07265625
1 0.57734375 0.51484375 0.06796875 0.06796875
4 0.43203125 0.521875 0.07734375 0.07265625
2 0.29609375 0.5265625 0.07734375 0.06328125
0 0.63359375 0.5328125 0.06796875 0.06328125
5 0.7765625 0.53359375 0.07734375 0.06796875
1 0.16015625 0.54140625 0.07734375 0.0828125
2 0.49375 0.54375 0.0828125 0.06328125
5 0.3546875 0.5484375 0.06796875 0.06796875
4 0.6890625 0.553125 0.07734375 0.06796875
1 0.22109375 0.56328125 0.07265625 0.0875
4 0.5484375 0.5703125 0.06796875 0.06328125
2 0.40703125 0.5734375 0.06796875 0.06328125
2 0.75234375 0.5828125 0.07734375 0.07734375
4 0.26484375 0.5875 0.07265625 0.0875
4 0.60703125 0.58984375 0.07734375 0.06328125
0 0.46875 0.59921875 0.0828125 0.0828125
0 0.32265625 0.61171875 0.0828125 0.07734375
1 0.67265625 0.61640625 0.06328125 0.06796875
5 0.521875 0.61875 0.07265625 0.06328125
3 0.3765625 0.63828125 0.07265625 0.0828125
2 0.728125 0.64296875 0.0875 0.07265625
1 0.5828125 0.6453125 0.07734375 0.06796875
3 0.44140625 0.6625 0.07734375 0.0921875
3 0.640625 0.6625 0.07734375 0.06328125
5 0.4953125 0.684375 0.06796875 0.07734375
5 0.70390625 0.696875 0.07734375 0.07265625
3 0.553125 0.70625 0.06796875 0.0921875
4 0.6140625 0.725 0.07734375 0.07734375
1 0.675 0.75703125 0.07734375 0.0875
3 0.36015625 0.09140625 0.11171875 0.140625
3 0.80078125 0.0921875 0.10703125 0.1359375
3 0.25 0.0921875 0.1015625 0.1453125
3 0.47109375 0.09453125 0.096875 0.140625
4 0.13828125 0.09453125 0.11171875 0.140625
4 0.6890625 0.09921875 0.10703125 0.13125
3 0.58046875 0.1015625 0.11171875 0.1453125
3 0.325 0.22578125 0.06796875 0.06328125
2 0.37890625 0.24765625 0.06796875 0.05859375
2 0.43671875 0.2671875 0.07734375 0.06796875
2 0.2953125 0.27421875 0.06796875 0.05859375
1 0.4953125 0.2890625 0.06796875 0.07265625
4 0.3515625 0.29375 0.06328125 0.06328125
2 0.54375 0.3109375 0.07734375 0.06796875
1 0.40546875 0.31796875 0.06328125 0.06328125
2 0.26796875 0.32578125 0.06796875 0.06328125
3 0.59921875 0.3375 0.0828125 0.07265625
2 0.46640625 0.33984375 0.07734375 0.05859375
5 0.325 0.3515625 0.06796875 0.06328125
5 0.653125 0.36171875 0.07265625 0.06328125
4 0.3765625 0.36875 0.06328125 0.06796875
1 0.5140625 0.36953125 0.06328125 0.05859375
4 0.2375 0.37890625 0.06796875 0.06796875
1 0.709375 0.38359375 0.07265625 0.06796875
5 0.5703125 0.390625 0.07265625 0.06328125
4 0.43671875 0.39296875 0.06796875 0.06796875
1 0.7671875 0.40078125 0.07734375 0.07265625
2 0.29375 0.403125 0.07265625 0.06796875
1 0.62890625 0.41015625 0.07265625 0.06328125
0 0.490625 0.4171875 0.06796875 0.05859375
2 0.35703125 0.42265625 0.07265625 0.05859375