2 0.21640625 0.34609375 0.1125 0.08125
2 0.5484375 0.353125 0.1328125 0.08671875
2 0.78046875 0.4484375 0.12265625 0.08359375
2 0.37734375 0.4625 0.10234375 0.08125
2 0.06015625 0.5234375 0.1203125 0.08671875
2 0.55703125 0.53984375 0.09375 0.0734375
2 0.896875 0.61015625 0.12421875 0.096875
2 0.425 0.61484375 0.12109375 0.096875
2 0.240625 0.65078125 0.1109375 0.08671875
2 0.5671875 0.746875 0.128125 0.11171875
2 0.78515625 0.76875 0.09765625 0.06875
2 0.35234375 0.8109375 0.1125 0.08671875
2 0.5921875 0.1671875 0.1109375 0.0890625
2 0.3640625 0.19765625 0.1140625 0.0890625
2 0.82265625 0.24140625 0.1578125 0.11171875