1 0.678125 0.346875 0.096875 0.1515625
1 0.21875 0.36875 0.11015625 0.16171875
1 0.44375 0.3875 0.1078125 0.1828125
1 0.89375 0.42578125 0.10234375 0.165625
1 0.06796875 0.5515625 0.12421875 0.17109375
1 0.65078125 0.55625 0.08125 0.13671875
1 0.228125 0.59296875 0.10234375 0.15546875
1 0.45078125 0.62578125 0.0984375 0.159375
1 0.92890625 0.63828125 0.103125 0.13984375
1 0.79296875 0.775 0.134375 0.1984375
1 0.23671875 0.88984375 0.128125 0.178125
1 0.69140625 0.89921875 0.10078125 0.159375
1 0.4484375 0.91875 0.115625 0.1609375
1 0.5234375 0.1625 0.121875 0.1828125
1 0.34765625 0.2515625 0.08046875 0.128125