3 0.13359375 0.3296875 0.06640625 0.1046875
3 0.4265625 0.353125 0.0640625 0.09140625
2 0.5796875 0.36796875 0.0828125 0.12109375
3 0.4125 0.41796875 0.06171875 0.09453125
0 0.60625 0.4234375 0.06953125 0.109375
3 0.47890625 0.4546875 0.06328125 0.090625
3 0.384375 0.46015625 0.078125 0.1171875
2 0.715625 0.46328125 0.07578125 0.11015625
5 0.5484375 0.484375 0.0671875 0.10625
5 0.72890625 0.5296875 0.08203125 0.109375
0 0.471875 0.53125 0.08359375 0.11484375
5 0.578125 0.565625 0.0953125 0.14140625
3 0.73828125 0.6140625 0.08203125 0.1125
2 0.49921875 0.6984375 0.0875 0.13984375
3 0.58359375 0.703125 0.11015625 0.1734375
1 0.56328125 0.2796875 0.05625 0.09296875