1 0.59921875 0.35078125 0.12890625 0.16796875
1 0.2328125 0.4125 0.1171875 0.1609375
1 0.7546875 0.54375 0.13125 0.184375
1 0.434375 0.553125 0.14765625 0.20703125
1 0.15703125 0.71484375 0.17109375 0.23203125
1 0.88515625 0.72578125 0.1375 0.2125
1 0.6125 0.77109375 0.1390625 0.20703125
1 0.384375 0.803125 0.13046875 0.184375
1 0.61796875 0.07578125 0.1078125 0.15078125
1 0.4671875 0.09296875 0.128125 0.1859375
1 0.31015625 0.109375 0.0984375 0.1390625
1 0.7484375 0.184375 0.1 0.1546875
1 0.17734375 0.2359375 0.12265625 0.184375
1 0.41171875 0.28515625 0.090625 0.1421875
1 0.90078125 0.30703125 0.146875 0.18984375