4 0.28828125 0.43515625 0.1328125 0.1984375
4 0.0453125 0.44296875 0.08984375 0.16015625
4 0.6671875 0.46171875 0.12734375 0.19375
4 0.8828125 0.509375 0.12734375 0.17265625
4 0.44453125 0.60390625 0.1328125 0.20078125
4 0.1015625 0.67734375 0.1515625 0.21640625
4 0.74765625 0.690625 0.1234375 0.18984375
4 0.265625 0.8578125 0.12734375 0.21171875
4 0.55703125 0.8796875 0.16328125 0.23125
4 0.5515625 0.07578125 0.1078125 0.1515625
4 0.73515625 0.11875 0.11171875 0.15078125
4 0.38046875 0.1796875 0.109375 0.15625
4 0.1515625 0.1875 0.1515625 0.221875
4 0.8796875 0.27109375 0.1515625 0.21484375
4 0.51015625 0.31875 0.0890625 0.13984375