0 0.56875 0.35390625 0.11953125 0.171875
0 0.8375 0.3859375 0.1375 0.1875
0 0.28515625 0.4015625 0.13828125 0.22890625
0 0.6671875 0.51015625 0.11640625 0.1828125
0 0.38046875 0.54921875 0.13046875 0.184375
0 0.9234375 0.63125 0.15 0.234375
0 0.55 0.69765625 0.14609375 0.228125
0 0.7453125 0.70859375 0.1609375 0.19609375
0 0.425 0.08046875 0.10546875 0.16015625
0 0.259375 0.10859375 0.09453125 0.1265625
0 0.61875 0.14140625 0.08046875 0.14453125
0 0.44140625 0.20234375 0.0703125 0.1265625
0 0.16328125 0.21875 0.11328125 0.18046875
0 0.6734375 0.2265625 0.0984375 0.14765625
0 0.4125 0.30859375 0.115625 0.1578125