5 0.13046875 0.4578125 0.13984375 0.18671875
1 0.83203125 0.48828125 0.13046875 0.16328125
3 0.575 0.490625 0.15859375 0.17734375
4 0.278125 0.565625 0.17265625 0.18671875
3 0.6375 0.65859375 0.14453125 0.17734375
4 0.4625 0.6609375 0.17734375 0.18203125
1 0.8203125 0.71953125 0.16328125 0.17734375
2 0.27578125 0.7734375 0.15859375 0.19140625
0 0.471875 0.221875 0.14921875 0.18203125
0 0.25 0.30390625 0.17265625 0.19609375
5 0.6703125 0.30859375 0.12578125 0.15859375
2 0.40625 0.38515625 0.13984375 0.17265625