4 0.36171875 0.26875 0.04375 0.03671875
5 0.67265625 0.26875 0.05078125 0.03828125
5 0.528125 0.2796875 0.0359375 0.0265625
5 0.76953125 0.28828125 0.0359375 0.03046875
0 0.7375 0.2890625 0.0359375 0.03046875
0 0.4984375 0.30234375 0.0640625 0.05625
2 0.81015625 0.3109375 0.0421875 0.0296875
2 0.88515625 0.31796875 0.04296875 0.0296875
5 0.37890625 0.33125 0.05078125 0.03984375
5 0.61328125 0.33515625 0.03359375 0.03203125
3 0.4765625 0.3390625 0.08203125 0.06796875
2 0.71015625 0.34296875 0.071875 0.05859375
2 0.865625 0.3484375 0.0828125 0.05546875
3 0.1078125 0.36328125 0.07734375 0.06640625
3 0.35625 0.37578125 0.05390625 0.04765625
2 0.27734375 0.38359375 0.08671875 0.06796875
5 0.76796875 0.39765625 0.08203125 0.06171875
1 0.825 0.4171875 0.06015625 0.0453125
3 0.490625 0.4234375 0.06875 0.04921875
0 0.3765625 0.4328125 0.08203125 0.06796875
1 0.84765625 0.44375 0.059375 0.05
5 0.89140625 0.44921875 0.04609375 0.034375
2 0.4265625 0.4578125 0.059375 0.04921875
2 0.50546875 0.46328125 0.06015625 0.0484375
2 0.7234375 0.4734375 0.04609375 0.040625
2 0.3171875 0.49375 0.1078125 0.0796875
0 0.88828125 0.5046875 0.0515625 0.0421875
3 0.77265625 0.515625 0.04375 0.03671875
1 0.1671875 0.51796875 0.1 0.08203125
1 0.50546875 0.58359375 0.075 0.06171875
3 0.09609375 0.59453125 0.109375 0.08359375
5 0.31484375 0.62578125 0.10859375 0.09140625
4 0.45390625 0.6359375 0.08671875 0.07421875
0 0.85390625 0.6578125 0.05078125 0.04296875
3 0.51640625 0.66015625 0.059375 0.0609375
0 0.68671875 0.68046875 0.0515625 0.04609375
3 0.5734375 0.70859375 0.0953125 0.078125
0 0.34765625 0.18203125 0.03046875 0.02109375
1 0.3953125 0.23984375 0.05234375 0.05078125