0 0.15703125 0.5109375 0.028125 0.0421875
0 0.15703125 0.5109375 0.028125 0.0421875
0 0.18671875 0.5109375 0.03203125 0.0421875
0 0.18671875 0.5109375 0.03203125 0.0421875
2 0.24765625 0.51328125 0.028125 0.0375
2 0.1234375 0.54765625 0.03203125 0.0421875
2 0.21640625 0.55078125 0.028125 0.0375
1 0.24765625 0.55078125 0.0359375 0.0375
5 0.153125 0.553125 0.028125 0.0421875
4 0.18359375 0.553125 0.03203125 0.0421875
2 0.11875 0.590625 0.03203125 0.0421875
5 0.18046875 0.59296875 0.028125 0.0375
1 0.2125 0.59296875 0.028125 0.0375
1 0.24609375 0.59609375 0.03203125 0.0421875
2 0.82109375 0.7046875 0.03984375 0.04765625
1 0.896875 0.7046875 0.03984375 0.04765625
5 0.4125 0.7125 0.03203125 0.0421875
5 0.8015625 0.74765625 0.03984375 0.04765625
2 0.85546875 0.75 0.0359375 0.0421875
0 0.76796875 0.2421875 0.0359375 0.04765625
5 0.12109375 0.25234375 0.04375 0.04765625
4 0.5671875 0.25546875 0.03984375 0.053125
0 0.73046875 0.25546875 0.03984375 0.053125
4 0.53203125 0.27890625 0.03203125 0.04765625
0 0.76953125 0.303125 0.03984375 0.053125
2 0.12734375 0.50546875 0.03203125 0.0421875
3 0.2796875 0.5078125 0.028125 0.0375