1 0.33203125 0.4 0.14140625 0.2078125
1 0.11875 0.428125 0.1328125 0.16640625
1 0.88203125 0.453125 0.11328125 0.16484375
1 0.559375 0.50859375 0.1375 0.20078125
1 0.1640625 0.6265625 0.14453125 0.21640625
1 0.81015625 0.63828125 0.1234375 0.203125
1 0.4015625 0.71796875 0.1234375 0.19921875
1 0.709375 0.8390625 0.15703125 0.225
1 0.253125 0.88984375 0.140625 0.2171875
1 0.5796875 0.0984375 0.11328125 0.171875
1 0.7390625 0.1703125 0.0765625 0.12890625
1 0.42578125 0.18984375 0.0953125 0.1578125
1 0.16015625 0.2171875 0.1234375 0.1859375
1 0.80078125 0.296875 0.13203125 0.19765625
1 0.58828125 0.31796875 0.09765625 0.1421875