4 0.3 0.428125 0.13046875 0.1953125
4 0.053125 0.4359375 0.10625 0.159375
4 0.67265625 0.45390625 0.125 0.190625
4 0.88515625 0.5015625 0.125 0.16953125
4 0.45390625 0.59375 0.13046875 0.19765625
4 0.1171875 0.66640625 0.14921875 0.21328125
4 0.7515625 0.6796875 0.12109375 0.18671875
4 0.278125 0.84375 0.12578125 0.2078125
4 0.5640625 0.865625 0.1609375 0.22734375
4 0.559375 0.075 0.10625 0.14921875
4 0.7390625 0.11640625 0.109375 0.1484375
4 0.390625 0.1765625 0.10703125 0.15390625
4 0.165625 0.18515625 0.14921875 0.21875
4 0.88203125 0.26640625 0.14921875 0.2109375
4 0.51875 0.3140625 0.0875 0.1375