4 0.81640625 0.35234375 0.109375 0.15546875
4 0.475 0.40390625 0.09296875 0.13828125
4 0.31171875 0.4640625 0.10078125 0.15390625
4 0.8953125 0.553125 0.13203125 0.1796875
4 0.684375 0.56015625 0.1046875 0.165625
4 0.5 0.63984375 0.134375 0.2125
4 0.221875 0.69140625 0.13984375 0.2109375
4 0.81171875 0.79765625 0.10703125 0.18828125
4 0.40703125 0.89921875 0.1046875 0.15703125
4 0.62890625 0.8984375 0.1390625 0.2
4 0.571875 0.0890625 0.0984375 0.175
4 0.39453125 0.13046875 0.07734375 0.1296875
4 0.72890625 0.18359375 0.08515625 0.13984375
4 0.28359375 0.25703125 0.10234375 0.1625
4 0.6375 0.32421875 0.0890625 0.14453125