3 0.33671875 0.33515625 0.13984375 0.10625
2 0.6578125 0.36953125 0.1140625 0.1046875
3 0.4828125 0.50234375 0.0703125 0.0578125
1 0.5203125 0.57890625 0.1234375 0.09765625
3 0.659375 0.58671875 0.08515625 0.0515625
3 0.803125 0.65625 0.13203125 0.09140625
3 0.709375 0.7375 0.1015625 0.06171875
1 0.33046875 0.7484375 0.13984375 0.1015625
1 0.61171875 0.75859375 0.084375 0.0578125
0 0.96640625 0.965625 0.06640625 0.06796875
2 0.728125 0.10703125 0.059375 0.04921875
0 0.67578125 0.19765625 0.07109375 0.04609375
2 0.12109375 0.2296875 0.10546875 0.0765625