1 0.18359375 0.35546875 0.08828125 0.12734375
1 0.584375 0.36171875 0.0890625 0.115625
1 0.3421875 0.39296875 0.12265625 0.1625
1 0.77265625 0.42265625 0.14375 0.1765625
1 0.175 0.57578125 0.096875 0.12265625
1 0.490625 0.58125 0.1109375 0.15078125
1 0.790625 0.65859375 0.109375 0.1328125
1 0.35859375 0.7578125 0.1046875 0.13984375
1 0.63203125 0.771875 0.09140625 0.12109375
1 0.18984375 0.8328125 0.10078125 0.14140625
1 0.4921875 0.9125 0.10625 0.15546875
1 0.67421875 0.06640625 0.1125 0.1328125
1 0.25390625 0.12109375 0.11015625 0.16796875
1 0.48671875 0.15859375 0.08515625 0.128125
1 0.79609375 0.2125 0.08671875 0.12265625