1 0.321875 0.2296875 0.05390625 0.04921875
1 0.46953125 0.2375 0.09765625 0.08671875
2 0.84140625 0.2640625 0.0546875 0.04453125
0 0.05078125 0.27578125 0.08359375 0.07109375
1 0.25625 0.31953125 0.0578125 0.04609375
3 0.03359375 0.35625 0.0671875 0.059375
5 0.5265625 0.403125 0.09609375 0.08984375
2 0.13671875 0.021875 0.09921875 0.04296875
2 0.30859375 0.42578125 0.1046875 0.09609375
5 0.40390625 0.44375 0.05703125 0.05078125
5 0.79140625 0.47890625 0.05703125 0.04296875
2 0.52421875 0.503125 0.05625 0.04609375
5 0.18828125 0.52734375 0.065625 0.04453125
2 0.83671875 0.53046875 0.075 0.06328125
3 0.7390625 0.53984375 0.1046875 0.08828125
1 0.6171875 0.5828125 0.0546875 0.0453125
2 0.390625 0.63671875 0.06328125 0.04765625
1 0.4125 0.709375 0.09921875 0.06640625
4 0.32578125 0.7265625 0.065625 0.05390625
5 0.68203125 0.04765625 0.06953125 0.06171875
2 0.4796875 0.1625 0.05625 0.06015625
3 0.30546875 0.1703125 0.0859375 0.07578125
0 0.13515625 0.18046875 0.11328125 0.08984375
2 0.4921875 0.1984375 0.05234375 0.04453125
2 0.61953125 0.2171875 0.10546875 0.08984375