2 0.07578125 0.29296875 0.1375 0.1
2 0.63671875 0.31484375 0.12265625 0.0875
2 0.36796875 0.34140625 0.16015625 0.10546875
2 0.8640625 0.38828125 0.11171875 0.084375
2 0.53046875 0.49453125 0.10859375 0.07734375
2 0.084375 0.49453125 0.134375 0.0921875
2 0.3171875 0.51484375 0.13984375 0.10234375
2 0.90546875 0.57109375 0.1203125 0.08203125
2 0.4796875 0.61484375 0.1359375 0.09765625
2 0.70546875 0.65859375 0.1578125 0.1078125
2 0.1046875 0.71484375 0.12734375 0.09296875
2 0.36484375 0.7359375 0.1203125 0.0875
2 0.58515625 0.81484375 0.1234375 0.0875
2 0.5015625 0.11328125 0.1328125 0.1203125
2 0.2453125 0.1625 0.1125 0.09453125