0 0.60078125 0.31796875 0.09453125 0.13515625
0 0.16953125 0.37890625 0.11328125 0.15390625
0 0.6875 0.425 0.0953125 0.1296875
0 0.31875 0.43125 0.1109375 0.15546875
0 0.4828125 0.44375 0.096875 0.17109375
0 0.85 0.4859375 0.1421875 0.18984375
0 0.0859375 0.57890625 0.1625 0.1953125
0 0.540625 0.66875 0.115625 0.165625
0 0.671875 0.684375 0.1171875 0.1625
0 0.28828125 0.7015625 0.1140625 0.1625
0 0.78203125 0.16640625 0.103125 0.159375
0 0.57265625 0.1734375 0.0921875 0.15703125
0 0.43828125 0.19609375 0.08046875 0.1265625
0 0.275 0.24609375 0.09453125 0.1421875
0 0.8859375 0.30234375 0.09921875 0.1234375