2 0.5453125 0.39765625 0.09453125 0.13203125
2 0.715625 0.428125 0.10234375 0.165625
2 0.1 0.434375 0.13515625 0.19296875
2 0.84375 0.54140625 0.10703125 0.15234375
2 0.371875 0.56015625 0.1328125 0.19296875
2 0.58671875 0.6046875 0.134375 0.18125
2 0.14375 0.7125 0.11171875 0.15234375
2 0.8671875 0.82265625 0.1328125 0.1859375
2 0.6015625 0.078125 0.08671875 0.1234375
2 0.5859375 0.86875 0.1375 0.17734375
2 0.31953125 0.8859375 0.13671875 0.19765625
2 0.41328125 0.11640625 0.08359375 0.14921875
2 0.71484375 0.22421875 0.12109375 0.18125
2 0.33671875 0.3046875 0.10703125 0.1453125
2 0.8953125 0.32734375 0.10234375 0.140625