0 0.1609375 0.52109375 0.028125 0.0421875
0 0.1609375 0.52109375 0.028125 0.0421875
0 0.190625 0.52109375 0.03203125 0.0421875
0 0.190625 0.52109375 0.03203125 0.0421875
2 0.25234375 0.52421875 0.028125 0.0375
2 0.12734375 0.55859375 0.03203125 0.0421875
2 0.2203125 0.5609375 0.028125 0.0375
1 0.25234375 0.5609375 0.0359375 0.0375
5 0.15703125 0.5640625 0.028125 0.0421875
4 0.1875 0.5640625 0.03203125 0.0421875
2 0.12265625 0.60078125 0.03203125 0.0421875
5 0.184375 0.60390625 0.028125 0.0375
1 0.21640625 0.60390625 0.028125 0.0375
1 0.25 0.60625 0.03203125 0.0421875
2 0.82578125 0.715625 0.03984375 0.04765625
1 0.90078125 0.715625 0.03984375 0.04765625
5 0.41640625 0.7234375 0.03203125 0.0421875
5 0.80546875 0.7578125 0.03984375 0.04765625
2 0.859375 0.7609375 0.0359375 0.0421875
0 0.771875 0.25234375 0.0359375 0.04765625
5 0.125 0.26328125 0.04375 0.04765625
4 0.57109375 0.265625 0.03984375 0.053125
0 0.734375 0.265625 0.03984375 0.053125
4 0.5359375 0.28984375 0.03203125 0.04765625
0 0.7734375 0.3140625 0.03984375 0.053125
2 0.13125 0.515625 0.03203125 0.0421875
3 0.28359375 0.51875 0.028125 0.0375