5 0.8453125 0.42890625 0.06171875 0.06640625
1 0.24296875 0.43359375 0.0765625 0.06640625
3 0.7046875 0.4359375 0.06640625 0.05234375
4 0.5734375 0.44296875 0.06171875 0.05703125
3 0.4359375 0.44765625 0.07109375 0.06640625
2 0.7640625 0.45 0.07109375 0.06171875
5 0.3 0.4546875 0.06640625 0.06171875
2 0.6234375 0.46171875 0.0765625 0.06640625
5 0.490625 0.4734375 0.06640625 0.06171875
2 0.35 0.4734375 0.07109375 0.06171875
2 0.82109375 0.47890625 0.07109375 0.06171875
5 0.21171875 0.47890625 0.06171875 0.06171875
5 0.68125 0.48125 0.05703125 0.05703125
4 0.5453125 0.49296875 0.07109375 0.07109375
2 0.4046875 0.49296875 0.0765625 0.06171875
5 0.27109375 0.5 0.05703125 0.06640625
2 0.7359375 0.50234375 0.07109375 0.07109375
1 0.6 0.5140625 0.06640625 0.06640625
4 0.45703125 0.52109375 0.0765625 0.07109375
2 0.3234375 0.5265625 0.0765625 0.06171875
0 0.6546875 0.53203125 0.06640625 0.06171875
5 0.7953125 0.53359375 0.0765625 0.06640625
1 0.190625 0.540625 0.0765625 0.08125
2 0.51796875 0.54296875 0.08125 0.06171875
5 0.38125 0.54765625 0.06640625 0.06640625
4 0.709375 0.55234375 0.0765625 0.06640625
1 0.25 0.56171875 0.07109375 0.0859375
4 0.57109375 0.56875 0.06640625 0.06171875
2 0.4328125 0.571875 0.06640625 0.06171875
2 0.77109375 0.58125 0.0765625 0.0765625
4 0.29296875 0.5859375 0.07109375 0.0859375
4 0.62890625 0.58828125 0.0765625 0.06171875
0 0.49296875 0.59765625 0.08125 0.08125
0 0.35 0.609375 0.08125 0.0765625
1 0.69296875 0.6140625 0.06171875 0.06640625
5 0.5453125 0.61640625 0.07109375 0.06171875
3 0.40234375 0.6359375 0.07109375 0.08125
2 0.74765625 0.640625 0.0859375 0.07109375
1 0.6046875 0.64296875 0.0765625 0.06640625
3 0.46640625 0.659375 0.0765625 0.090625
3 0.66171875 0.659375 0.0765625 0.06171875
5 0.51875 0.68125 0.06640625 0.0765625
5 0.7234375 0.69296875 0.0765625 0.07109375
3 0.5765625 0.70234375 0.06640625 0.090625
4 0.6359375 0.72109375 0.0765625 0.0765625
1 0.6953125 0.75234375 0.0765625 0.0859375
3 0.38671875 0.09921875 0.109375 0.13828125
3 0.81875 0.1 0.1046875 0.13359375
3 0.27890625 0.1 0.1 0.14296875
3 0.4953125 0.10234375 0.0953125 0.13828125
4 0.16875 0.10234375 0.109375 0.13828125
4 0.709375 0.10703125 0.1046875 0.12890625
3 0.60234375 0.109375 0.109375 0.14296875
3 0.35234375 0.23125 0.06640625 0.06171875
2 0.4046875 0.25234375 0.06640625 0.05703125
2 0.46171875 0.27109375 0.0765625 0.06640625
2 0.3234375 0.27890625 0.06640625 0.05703125
1 0.51875 0.29296875 0.06640625 0.07109375
4 0.37890625 0.29765625 0.06171875 0.06171875
2 0.56640625 0.3140625 0.0765625 0.06640625
1 0.43125 0.32109375 0.06171875 0.06171875
2 0.296875 0.32890625 0.06640625 0.06171875
3 0.62109375 0.340625 0.08125 0.07109375
2 0.490625 0.34296875 0.0765625 0.05703125
5 0.35234375 0.3546875 0.06640625 0.06171875
5 0.6734375 0.3640625 0.07109375 0.06171875
4 0.40234375 0.37109375 0.06171875 0.06640625
1 0.5375 0.371875 0.06171875 0.05703125
4 0.26640625 0.38125 0.06640625 0.06640625
1 0.72890625 0.3859375 0.07109375 0.06640625
5 0.59296875 0.39296875 0.07109375 0.06171875
4 0.46171875 0.3953125 0.06640625 0.06640625
1 0.7859375 0.40234375 0.0765625 0.07109375
2 0.32109375 0.4046875 0.07109375 0.06640625
1 0.65 0.41171875 0.07109375 0.06171875
0 0.5140625 0.41875 0.06640625 0.05703125
2 0.38359375 0.4234375 0.07109375 0.05703125