3 0.5125 0.34375 0.08203125 0.1078125
3 0.1265625 0.3484375 0.0890625 0.1203125
3 0.80859375 0.40859375 0.1109375 0.15703125
3 0.31953125 0.4296875 0.1046875 0.14296875
3 0.625 0.559375 0.09765625 0.1296875
3 0.43046875 0.60859375 0.096875 0.14140625
3 0.17890625 0.60859375 0.096875 0.13828125
3 0.8078125 0.6375 0.09375 0.12265625
3 0.64765625 0.73515625 0.103125 0.12421875
3 0.30703125 0.834375 0.096875 0.13125
3 0.48203125 0.88984375 0.11796875 0.15
3 0.584375 0.0640625 0.08984375 0.12734375
3 0.2125 0.0859375 0.11875 0.15546875
3 0.778125 0.1640625 0.1015625 0.1328125
3 0.41875 0.17734375 0.0859375 0.13125