4 0.5734375 0.2265625 0.04296875 0.0375
3 0.31640625 0.25390625 0.06953125 0.05546875
2 0.15546875 0.2546875 0.07265625 0.0546875
5 0.6828125 0.2796875 0.02734375 0.0265625
5 0.51953125 0.29140625 0.0375 0.03828125
0 0.62265625 0.2953125 0.0625 0.05234375
5 0.80390625 0.31328125 0.0421875 0.0390625
2 0.39921875 0.3140625 0.06640625 0.05859375
3 0.4578125 0.3234375 0.05 0.0421875
3 0.56875 0.32421875 0.0578125 0.05546875
0 0.82890625 0.3515625 0.0328125 0.02734375
0 0.82890625 0.35390625 0.03671875 0.03125
5 0.678125 0.35703125 0.03125 0.0265625
5 0.8578125 0.36015625 0.0296875 0.02890625
0 0.4109375 0.37734375 0.0578125 0.05234375
1 0.5203125 0.38984375 0.028125 0.0265625
1 0.22734375 0.39296875 0.06875 0.0578125
2 0.85703125 0.3953125 0.03671875 0.02734375
2 0.72421875 0.39609375 0.06796875 0.05625
3 0.4890625 0.40390625 0.0484375 0.046875
2 0.32578125 0.40859375 0.0671875 0.05546875
2 0.421875 0.4140625 0.0453125 0.0453125
2 0.90546875 0.42578125 0.0375 0.03125
3 0.1375 0.4296875 0.07734375 0.05625
2 0.4640625 0.43828125 0.0453125 0.0421875
2 0.83984375 0.44921875 0.06640625 0.05859375
5 0.70078125 0.459375 0.0609375 0.0515625
1 0.72109375 0.49296875 0.0453125 0.0390625
5 0.2203125 0.503125 0.0859375 0.06328125
2 0.5921875 0.5078125 0.0453125 0.03359375
1 0.7078125 0.521875 0.0484375 0.04140625
1 0.35546875 0.5234375 0.04765625 0.0453125
5 0.734375 0.53828125 0.03984375 0.03359375
4 0.28671875 0.5421875 0.0578125 0.05
3 0.5796875 0.55390625 0.040625 0.0359375
3 0.303125 0.57421875 0.0625 0.0453125
0 0.6640625 0.58046875 0.03828125 0.03515625
3 0.290625 0.62265625 0.05859375 0.04921875
0 0.37578125 0.6359375 0.0453125 0.0359375
0 0.4859375 0.6703125 0.04453125 0.0328125
0 0.67109375 0.12890625 0.028125 0.0234375
1 0.628125 0.20546875 0.0578125 0.046875