1 0.371875 0.2203125 0.05390625 0.04921875
1 0.51875 0.228125 0.09765625 0.08671875
2 0.89140625 0.25546875 0.0546875 0.04453125
0 0.10078125 0.2671875 0.08359375 0.07109375
1 0.30546875 0.31015625 0.0578125 0.04609375
3 0.0328125 0.00703125 0.065625 0.0140625
3 0.07109375 0.346875 0.090625 0.05859375
5 0.5765625 0.39375 0.09609375 0.08984375
2 0.18671875 0.0171875 0.09921875 0.03359375
2 0.35859375 0.4171875 0.1046875 0.09609375
5 0.45390625 0.434375 0.05703125 0.05078125
5 0.84140625 0.46953125 0.05703125 0.04296875
2 0.57421875 0.49453125 0.05625 0.04609375
5 0.23828125 0.51796875 0.065625 0.04453125
2 0.88671875 0.52109375 0.075 0.06328125
3 0.7890625 0.53046875 0.1046875 0.08828125
1 0.6671875 0.57421875 0.0546875 0.0453125
2 0.440625 0.628125 0.06328125 0.04765625
1 0.4625 0.70078125 0.09921875 0.06640625
4 0.37578125 0.7171875 0.065625 0.05390625
5 0.73203125 0.03828125 0.06953125 0.06171875
2 0.52890625 0.153125 0.05625 0.06015625
3 0.35546875 0.1609375 0.0859375 0.07578125
0 0.18515625 0.17109375 0.11328125 0.08984375
2 0.54140625 0.1890625 0.05234375 0.04453125
2 0.66953125 0.20859375 0.10546875 0.08984375