1 0.1859375 0.3953125 0.09453125 0.140625
1 0.61953125 0.40546875 0.09296875 0.128125
1 0.3640625 0.4421875 0.13125 0.16796875
1 0.83203125 0.47109375 0.13125 0.171875
1 0.1734375 0.640625 0.1109375 0.1390625
1 0.521875 0.646875 0.11484375 0.159375
1 0.85078125 0.7359375 0.1078125 0.14140625
1 0.3796875 0.83515625 0.11875 0.159375
1 0.6734375 0.853125 0.09609375 0.1265625
1 0.1921875 0.91875 0.10703125 0.1375
1 0.7265625 0.07734375 0.115625 0.1546875
1 0.528125 0.95703125 0.1109375 0.084375
1 0.26796875 0.14140625 0.1234375 0.16796875
1 0.52109375 0.1859375 0.08359375 0.1265625
1 0.85234375 0.246875 0.09609375 0.1359375