4 0.25234375 0.28984375 0.05703125 0.0421875
1 0.77421875 0.31328125 0.02734375 0.021875
5 0.4859375 0.3234375 0.034375 0.0296875
2 0.25859375 0.328125 0.04609375 0.0421875
2 0.6703125 0.3359375 0.025 0.0234375
2 0.6171875 0.384375 0.05078125 0.03828125
2 0.33984375 0.3875 0.02109375 0.021875
2 0.82578125 0.38984375 0.040625 0.0234375
5 0.79296875 0.39140625 0.0265625 0.021875
2 0.5453125 0.4125 0.03203125 0.0265625
2 0.575 0.41640625 0.0296875 0.021875
3 0.82578125 0.41875 0.0515625 0.04140625
0 0.32734375 0.42421875 0.025 0.01875
1 0.609375 0.43203125 0.0421875 0.03828125
5 0.72421875 0.4453125 0.04921875 0.03671875
1 0.83125 0.45390625 0.02734375 0.02109375
2 0.7765625 0.4640625 0.03046875 0.02265625
3 0.52578125 0.46640625 0.03515625 0.0328125
2 0.0984375 0.46640625 0.04453125 0.02890625
1 0.5671875 0.4734375 0.025 0.02265625
5 0.72734375 0.484375 0.03125 0.02109375
2 0.3328125 0.48671875 0.059375 0.04453125
3 0.1984375 0.49296875 0.06484375 0.04765625
1 0.62734375 0.50703125 0.0265625 0.02265625
2 0.71328125 0.50859375 0.0546875 0.04375
2 0.83828125 0.51796875 0.0328125 0.02265625
1 0.87578125 0.5203125 0.0390625 0.03125
0 0.51015625 0.52109375 0.0578125 0.046875
4 0.8765625 0.54453125 0.0296875 0.02109375
3 0.2765625 0.5484375 0.03203125 0.025
5 0.75390625 0.559375 0.02734375 0.02265625
0 0.56953125 0.56484375 0.04375 0.03515625
3 0.3578125 0.56953125 0.0328125 0.028125
1 0.296875 0.57578125 0.05703125 0.04296875
3 0.621875 0.58515625 0.03984375 0.03203125
3 0.4234375 0.5875 0.0515625 0.0453125
0 0.59140625 0.621875 0.0453125 0.0375
3 0.39453125 0.628125 0.040625 0.03203125
1 0.35703125 0.6421875 0.034375 0.02890625
1 0.23046875 0.65546875 0.0640625 0.0421875
0 0.54609375 0.70625 0.059375 0.04609375