4 0.55625 0.30859375 0.1296875 0.1015625
4 0.8046875 0.3484375 0.10625 0.08203125
4 0.353125 0.3921875 0.1140625 0.09453125
4 0.9265625 0.4703125 0.12578125 0.10390625
4 0.61328125 0.4734375 0.12109375 0.08984375
4 0.1765625 0.4875 0.10859375 0.0828125
4 0.36796875 0.53984375 0.11875 0.08828125
4 0.73359375 0.60625 0.13671875 0.10390625
4 0.959375 0.63515625 0.078125 0.0890625
4 0.09765625 0.65078125 0.146875 0.09609375
4 0.49375 0.66796875 0.10703125 0.0828125
4 0.7796875 0.77265625 0.1453125 0.11328125
4 0.5984375 0.796875 0.12265625 0.09765625
4 0.1828125 0.81484375 0.103125 0.084375
4 0.3796875 0.875 0.13125 0.10703125