2 0.18359375 0.32734375 0.09609375 0.12734375
2 0.478125 0.36796875 0.09609375 0.1296875
2 0.1859375 0.5296875 0.1265625 0.1453125
2 0.61953125 0.5328125 0.1359375 0.18515625
2 0.8890625 0.56171875 0.1234375 0.18671875
2 0.37578125 0.6 0.11796875 0.15546875
2 0.45078125 0.0578125 0.0875 0.11484375
2 0.74609375 0.7875 0.11171875 0.15703125
2 0.48515625 0.87890625 0.14296875 0.20625
2 0.8171875 0.08046875 0.1015625 0.15546875
2 0.61640625 0.096875 0.08984375 0.1328125
2 0.3484375 0.19921875 0.12578125 0.1796875
2 0.52109375 0.203125 0.10234375 0.1453125
2 0.8625 0.30703125 0.11171875 0.15703125
2 0.659375 0.31328125 0.11953125 0.15546875