0 0.65859375 0.328125 0.09765625 0.14765625
0 0.29921875 0.33203125 0.09921875 0.14296875
0 0.43359375 0.3375 0.07890625 0.12578125
0 0.54765625 0.45859375 0.12109375 0.1734375
0 0.28203125 0.49609375 0.115625 0.17734375
0 0.81015625 0.50234375 0.1359375 0.18046875
0 0.62890625 0.63125 0.1078125 0.175
0 0.3625 0.65390625 0.1109375 0.18046875
0 0.88515625 0.76640625 0.18046875 0.228125
0 0.503125 0.8078125 0.1390625 0.2125
0 0.68515625 0.8375 0.14609375 0.20625
0 0.43359375 0.16328125 0.09296875 0.17890625
0 0.278125 0.19375 0.0828125 0.13125
0 0.575 0.20234375 0.09453125 0.134375
0 0.18671875 0.31015625 0.109375 0.14921875