0 0.20859375 0.31796875 0.11875 0.17890625
0 0.853125 0.33515625 0.1515625 0.1921875
0 0.06484375 0.41953125 0.1296875 0.1921875
0 0.734375 0.42578125 0.11171875 0.1828125
0 0.20546875 0.50234375 0.1328125 0.18828125
0 0.9453125 0.5265625 0.10859375 0.1796875
0 0.60625 0.54296875 0.12421875 0.17578125
0 0.38828125 0.55078125 0.1296875 0.2015625
0 0.828125 0.7015625 0.178125 0.26875
0 0.11015625 0.759375 0.16171875 0.2265625
0 0.396875 0.78671875 0.13828125 0.2015625
0 0.62734375 0.853125 0.15 0.203125
0 0.43359375 0.1015625 0.1328125 0.203125
0 0.41015625 0.296875 0.1 0.1515625
0 0.5703125 0.296875 0.13515625 0.1953125