0 0.15546875 0.4296875 0.13828125 0.22109375
0 0.6609375 0.43671875 0.10078125 0.1703125
0 0.92578125 0.45078125 0.14765625 0.2296875
0 0.48828125 0.5390625 0.1578125 0.2296875
0 0.07421875 0.584375 0.13828125 0.2171875
0 0.28203125 0.58671875 0.13828125 0.23203125
0 0.8671875 0.65078125 0.13828125 0.21015625
0 0.64140625 0.721875 0.1640625 0.2296875
0 0.0671875 0.81328125 0.134375 0.30078125
0 0.35859375 0.84453125 0.1578125 0.2625
0 0.740625 0.19453125 0.11171875 0.1890625
0 0.5046875 0.265625 0.13828125 0.22578125
0 0.89609375 0.28671875 0.121875 0.16171875
0 0.6953125 0.29609375 0.1265625 0.16484375
0 0.34140625 0.33203125 0.11953125 0.18671875