3 0.6109375 0.4015625 0.0421875 0.05625
5 0.39453125 0.41171875 0.05703125 0.075
0 0.51015625 0.496875 0.046875 0.06171875
5 0.553125 0.515625 0.0421875 0.06953125
3 0.596875 0.5265625 0.04375 0.0609375
5 0.51328125 0.54765625 0.05625 0.06875
1 0.475 0.590625 0.04453125 0.0640625
0 0.37734375 0.59765625 0.04453125 0.06171875
3 0.58515625 0.63984375 0.05703125 0.075
0 0.40546875 0.65703125 0.046875 0.0640625
1 0.65234375 0.67734375 0.04765625 0.05859375
0 0.5703125 0.70078125 0.0421875 0.05859375
3 0.52578125 0.70703125 0.05078125 0.07265625
4 0.41953125 0.82578125 0.0546875 0.071875
2 0.44140625 0.1671875 0.03984375 0.05390625
0 0.4046875 0.2890625 0.0484375 0.0703125