0 0.4890625 0.334375 0.03203125 0.05390625
1 0.6234375 0.37265625 0.0359375 0.0421875
3 0.50234375 0.3734375 0.03125 0.05078125
1 0.36875 0.3765625 0.04375 0.05703125
5 0.29296875 0.3859375 0.03515625 0.05078125
2 0.4671875 0.415625 0.03828125 0.05546875
3 0.36796875 0.42109375 0.0375 0.053125
3 0.5 0.42734375 0.03984375 0.05859375
0 0.36015625 0.475 0.046875 0.06796875
3 0.66015625 0.4796875 0.04296875 0.05625
4 0.59765625 0.484375 0.03984375 0.05546875
0 0.5515625 0.5453125 0.040625 0.06640625
4 0.61328125 0.60546875 0.03359375 0.053125
5 0.7546875 0.6984375 0.05 0.0671875
5 0.0953125 0.1625 0.03828125 0.04375
5 0.115625 0.1890625 0.03203125 0.04765625
3 0.0875 0.209375 0.04375 0.0640625
4 0.14140625 0.2109375 0.03203125 0.0609375
5 0.171875 0.21953125 0.040625 0.05859375
4 0.44921875 0.30703125 0.034375 0.05078125
0 0.17578125 0.3125 0.04140625 0.0625