3 0.7375 0.521875 0.12734375 0.1890625
3 0.44921875 0.553125 0.12734375 0.1609375
1 0.30078125 0.5609375 0.12734375 0.178125
1 0.421875 0.6609375 0.12265625 0.2
0 0.709375 0.70546875 0.12265625 0.178125
3 0.31953125 0.70859375 0.13984375 0.18359375
1 0.29453125 0.8390625 0.12265625 0.2109375
5 0.84921875 0.8890625 0.15703125 0.2109375
2 0.25859375 0.11953125 0.084375 0.15
1 0.7625 0.18359375 0.11015625 0.16640625
0 0.56171875 0.19140625 0.09765625 0.1609375
4 0.40859375 0.196875 0.12265625 0.15
2 0.7203125 0.2359375 0.11875 0.1609375
4 0.30703125 0.25 0.09765625 0.15546875
5 0.20546875 0.25546875 0.09765625 0.15546875
2 0.71640625 0.325 0.1015625 0.171875
1 0.3984375 0.3390625 0.11015625 0.15546875
0 0.625 0.3890625 0.09765625 0.16640625
2 0.50859375 0.39140625 0.11015625 0.19453125
5 0.31171875 0.4 0.09765625 0.15546875
0 0.18671875 0.40859375 0.12734375 0.1609375
5 0.8265625 0.453125 0.12734375 0.171875
2 0.46171875 0.46953125 0.1015625 0.15
0 0.3640625 0.475 0.1015625 0.15