1 0.103125 0.38203125 0.115625 0.15234375
1 0.775 0.3828125 0.09609375 0.13046875
1 0.63125 0.409375 0.11328125 0.1765625
1 0.4390625 0.5375 0.10703125 0.1375
1 0.215625 0.5578125 0.1375 0.21328125
1 0.84453125 0.5734375 0.1421875 0.18203125
1 0.628125 0.6625 0.1171875 0.15625
1 0.28125 0.78984375 0.10703125 0.16875
1 0.49140625 0.8734375 0.12890625 0.19453125
1 0.56875 0.09609375 0.0875 0.15625
1 0.3078125 0.11953125 0.1078125 0.1515625
1 0.47109375 0.17734375 0.08359375 0.14296875
1 0.68203125 0.2359375 0.09453125 0.14921875
1 0.228125 0.25234375 0.09765625 0.1546875
1 0.434375 0.32890625 0.0953125 0.16796875