0 0.18515625 0.53359375 0.02890625 0.0453125
0 0.18515625 0.53359375 0.02890625 0.0453125
0 0.21640625 0.53359375 0.03359375 0.0453125
0 0.21640625 0.53359375 0.03359375 0.0453125
2 0.28125 0.53671875 0.02890625 0.0390625
2 0.15 0.57265625 0.03359375 0.0453125
2 0.24765625 0.57578125 0.02890625 0.0390625
1 0.28125 0.57578125 0.0375 0.0390625
5 0.18125 0.57890625 0.02890625 0.0453125
4 0.2140625 0.57890625 0.03359375 0.0453125
2 0.14609375 0.61796875 0.03359375 0.0453125
5 0.21015625 0.62109375 0.02890625 0.0390625
1 0.24375 0.62109375 0.02890625 0.0390625
1 0.27890625 0.6234375 0.03359375 0.0453125
2 0.88359375 0.7390625 0.04140625 0.05078125
1 0.9625 0.7390625 0.04140625 0.05078125
5 0.45390625 0.746875 0.03359375 0.0453125
5 0.8625 0.78359375 0.04140625 0.05078125
2 0.91875 0.78671875 0.0375 0.0453125
0 0.82734375 0.25 0.0375 0.05078125
5 0.14765625 0.2609375 0.04609375 0.05078125
4 0.61640625 0.2640625 0.04140625 0.05625
0 0.7875 0.2640625 0.04140625 0.05625
4 0.57890625 0.2890625 0.03359375 0.05078125
0 0.82890625 0.31484375 0.04140625 0.05625
2 0.15390625 0.528125 0.03359375 0.0453125
3 0.31484375 0.53125 0.02890625 0.0390625