2 0.53671875 0.4171875 0.0984375 0.1375
2 0.71484375 0.4484375 0.10625 0.1734375
2 0.071875 0.45546875 0.140625 0.2015625
2 0.8484375 0.5671875 0.11171875 0.159375
2 0.35625 0.58671875 0.1390625 0.2015625
2 0.58046875 0.63359375 0.13984375 0.1890625
2 0.11796875 0.7453125 0.11640625 0.159375
2 0.87265625 0.86015625 0.13828125 0.19453125
2 0.59609375 0.08359375 0.090625 0.12890625
2 0.5796875 0.9078125 0.14375 0.18359375
2 0.30078125 0.9109375 0.1453125 0.175
2 0.39921875 0.1234375 0.0875 0.15546875
2 0.7140625 0.2359375 0.1265625 0.1890625
2 0.31953125 0.31953125 0.11171875 0.1515625
2 0.90234375 0.34375 0.10703125 0.146875