0 0.17265625 0.3765625 0.1375 0.21953125
0 0.67578125 0.38359375 0.1 0.16953125
0 0.93203125 0.39765625 0.1328125 0.2296875
0 0.50390625 0.48515625 0.15625 0.22890625
0 0.0921875 0.53046875 0.1375 0.21640625
0 0.29921875 0.53203125 0.1375 0.23046875
0 0.88046875 0.596875 0.1375 0.209375
0 0.65625 0.6671875 0.16328125 0.22890625
0 0.0765625 0.7578125 0.153125 0.3
0 0.375 0.7890625 0.15625 0.2609375
0 0.7546875 0.14296875 0.1109375 0.1875
0 0.5203125 0.21328125 0.1375 0.225
0 0.90859375 0.234375 0.12109375 0.16015625
0 0.709375 0.24375 0.12578125 0.1640625
0 0.3578125 0.2796875 0.11875 0.18515625