1 0.465625 0.2265625 0.0484375 0.04453125
4 0.43046875 0.26015625 0.034375 0.03515625
5 0.55625 0.29296875 0.02734375 0.02265625
5 0.6734375 0.29921875 0.03828125 0.03046875
0 0.525 0.3296875 0.05234375 0.0484375
0 0.71484375 0.334375 0.03203125 0.0265625
5 0.74140625 0.3359375 0.028125 0.02265625
5 0.4328125 0.34453125 0.03828125 0.03046875
3 0.2296875 0.36015625 0.0578125 0.04375
2 0.75703125 0.36875 0.03359375 0.025
3 0.49765625 0.37109375 0.06015625 0.046875
5 0.6046875 0.3734375 0.0265625 0.021875
2 0.80859375 0.3875 0.03203125 0.025
3 0.4078125 0.396875 0.04140625 0.034375
2 0.35 0.4015625 0.06171875 0.05078125
2 0.0765625 0.403125 0.0703125 0.04765625
2 0.6671875 0.40390625 0.06171875 0.0453125
2 0.77734375 0.42578125 0.0546875 0.040625
1 0.4984375 0.44375 0.02421875 0.021875
0 0.41015625 0.46484375 0.0578125 0.04765625
3 0.4890625 0.46796875 0.053125 0.03828125
5 0.684375 0.46875 0.05546875 0.040625
1 0.7171875 0.49140625 0.03671875 0.0265625
2 0.4375 0.4921875 0.04453125 0.0375
2 0.48828125 0.50625 0.046875 0.03359375
2 0.3625 0.51875 0.06328125 0.053125
1 0.72109375 0.5203125 0.040625 0.03046875
5 0.746875 0.528125 0.03359375 0.02421875
1 0.26640625 0.53046875 0.06328125 0.05078125
2 0.62890625 0.5359375 0.034375 0.02578125
3 0.64453125 0.57890625 0.02890625 0.02265625
0 0.71953125 0.5828125 0.034375 0.02734375
3 0.221875 0.5890625 0.06484375 0.04375
1 0.4640625 0.61328125 0.04296875 0.034375
5 0.34609375 0.634375 0.06953125 0.04609375
4 0.425 0.64921875 0.05 0.04140625
3 0.45859375 0.6703125 0.0421875 0.03359375
0 0.6453125 0.6984375 0.03125 0.0234375
0 0.546875 0.69921875 0.02734375 0.0234375
3 0.47734375 0.7125 0.0515625 0.04296875
0 0.440625 0.12109375 0.02421875 0.021875