5 0.86953125 0.33125 0.0984375 0.13046875
5 0.69296875 0.4 0.103125 0.15390625
5 0.4671875 0.409375 0.10859375 0.14453125
5 0.184375 0.41953125 0.1296875 0.175
5 0.94453125 0.56640625 0.0984375 0.11796875
5 0.303125 0.58828125 0.096875 0.1234375
5 0.4828125 0.62265625 0.08828125 0.1265625
5 0.6984375 0.6578125 0.1171875 0.15546875
5 0.265625 0.84140625 0.09140625 0.125
5 0.48515625 0.84921875 0.1015625 0.134375
5 0.9125 0.87734375 0.09765625 0.12890625
5 0.51875 0.06953125 0.10390625 0.1390625
5 0.68515625 0.93515625 0.1234375 0.1265625
5 0.746875 0.12578125 0.0890625 0.13046875
5 0.3140625 0.1390625 0.09375 0.13203125