5 0.7875 0.2140625 0.13203125 0.11171875
5 0.3765625 0.29453125 0.12421875 0.10390625
5 0.1453125 0.31484375 0.1421875 0.11171875
5 0.9203125 0.334375 0.1484375 0.1171875
5 0.5625 0.365625 0.14609375 0.1203125
5 0.3671875 0.42421875 0.12734375 0.08984375
5 0.1453125 0.4640625 0.1421875 0.10390625
5 0.9203125 0.53203125 0.15625 0.1484375
5 0.61171875 0.53984375 0.1703125 0.13671875
5 0.34765625 0.59765625 0.18203125 0.13671875
5 0.06875 0.63984375 0.1375 0.1515625
5 0.84453125 0.80234375 0.1921875 0.153125
5 0.478125 0.83046875 0.18125 0.1390625
5 0.1125 0.8484375 0.1703125 0.12578125
5 0.50546875 0.1828125 0.16328125 0.13125