5 0.76796875 0.26015625 0.1328125 0.1125
5 0.35390625 0.34140625 0.125 0.10390625
5 0.121875 0.36171875 0.14296875 0.1125
5 0.9015625 0.38125 0.14921875 0.11796875
5 0.540625 0.4125 0.146875 0.12109375
5 0.3453125 0.47109375 0.128125 0.090625
5 0.121875 0.5109375 0.14296875 0.10390625
5 0.90703125 0.5796875 0.16875 0.1484375
5 0.590625 0.58828125 0.17109375 0.1375
5 0.325 0.64609375 0.18359375 0.1375
5 0.05625 0.68828125 0.1125 0.1515625
5 0.825 0.8515625 0.19296875 0.15390625
5 0.45625 0.88046875 0.1828125 0.13984375
5 0.0890625 0.8984375 0.171875 0.1265625
5 0.484375 0.22890625 0.1640625 0.13203125