3 0.4375 0.38828125 0.1015625 0.14609375
3 0.26171875 0.45703125 0.1140625 0.1609375
3 0.92578125 0.48125 0.13828125 0.19453125
3 0.65859375 0.50703125 0.1125 0.2015625
3 0.4640625 0.60703125 0.1375 0.22421875
3 0.86015625 0.68828125 0.12265625 0.2
3 0.1015625 0.690625 0.17109375 0.24921875
3 0.6078125 0.8375 0.1203125 0.2046875
3 0.31640625 0.87734375 0.109375 0.1890625
3 0.55390625 0.10625 0.12265625 0.190625
3 0.35546875 0.1234375 0.103125 0.13984375
3 0.73203125 0.1375 0.0921875 0.15390625
3 0.22734375 0.27578125 0.1109375 0.16953125
3 0.64609375 0.28984375 0.09453125 0.15859375
3 0.79296875 0.29296875 0.1078125 0.16015625