3 0.13203125 0.33671875 0.0703125 0.11171875
3 0.44296875 0.36171875 0.06875 0.09765625
2 0.60625 0.37734375 0.08828125 0.128125
3 0.428125 0.43046875 0.065625 0.1
0 0.634375 0.43671875 0.0734375 0.11640625
3 0.4984375 0.4703125 0.0671875 0.09609375
3 0.3984375 0.47578125 0.08359375 0.12421875
2 0.75078125 0.4796875 0.08046875 0.1171875
5 0.57265625 0.5015625 0.07109375 0.11328125
5 0.76484375 0.54921875 0.08671875 0.11640625
0 0.49140625 0.5515625 0.0890625 0.12265625
5 0.6046875 0.5875 0.1015625 0.15078125
3 0.77421875 0.6390625 0.08671875 0.11953125
2 0.5203125 0.72890625 0.09296875 0.1484375
3 0.61015625 0.734375 0.1171875 0.184375
1 0.58828125 0.28359375 0.06015625 0.09921875