3 0.35234375 0.30546875 0.13125 0.09921875
2 0.65234375 0.3375 0.10703125 0.0984375
3 0.4890625 0.46171875 0.065625 0.05390625
1 0.52421875 0.53359375 0.11484375 0.09140625
3 0.65390625 0.540625 0.0796875 0.0484375
3 0.78828125 0.60546875 0.1234375 0.0859375
3 0.70078125 0.68203125 0.09453125 0.0578125
1 0.346875 0.6921875 0.13125 0.0953125
1 0.609375 0.7015625 0.07890625 0.05390625
0 0.9546875 0.91484375 0.0890625 0.10234375
2 0.71875 0.09140625 0.05546875 0.04609375
0 0.66953125 0.1765625 0.06640625 0.04296875
2 0.15078125 0.20625 0.0984375 0.071875