2 0.63515625 0.34921875 0.10859375 0.16328125
2 0.34609375 0.42109375 0.10390625 0.13671875
2 0.46875 0.490625 0.0890625 0.11875
2 0.86796875 0.4984375 0.1296875 0.15625
2 0.11875 0.5078125 0.09453125 0.13828125
2 0.66171875 0.615625 0.10390625 0.13828125
2 0.26796875 0.65234375 0.13671875 0.18671875
2 0.57265625 0.8703125 0.0984375 0.13828125
2 0.353125 0.909375 0.1 0.1421875
2 0.28046875 0.08984375 0.090625 0.1453125
2 0.48828125 0.0953125 0.1015625 0.13515625
2 0.67734375 0.1140625 0.1046875 0.14375
2 0.8078125 0.2640625 0.0859375 0.12109375
2 0.45625 0.284375 0.10625 0.14375
2 0.234375 0.3015625 0.096875 0.128125