1 0.1515625 0.3546875 0.12890625 0.1734375
1 0.3921875 0.3640625 0.121875 0.184375
1 0.875 0.4125 0.1078125 0.1640625
1 0.02890625 0.54296875 0.05703125 0.1796875
1 0.6203125 0.55859375 0.09375 0.15
1 0.16171875 0.590625 0.10546875 0.1703125
1 0.403125 0.625 0.1109375 0.16875
1 0.9140625 0.64296875 0.11484375 0.15703125
1 0.771875 0.78203125 0.1421875 0.215625
1 0.16796875 0.9046875 0.1375 0.18984375
1 0.66015625 0.91796875 0.1203125 0.1609375
1 0.40234375 0.92421875 0.1359375 0.1484375
1 0.47578125 0.1234375 0.121875 0.2015625
1 0.2890625 0.22109375 0.0796875 0.1625
1 0.6515625 0.32578125 0.11328125 0.15859375