0 0.6125 0.3203125 0.096875 0.13828125
0 0.171875 0.3828125 0.115625 0.15703125
0 0.7015625 0.4296875 0.09765625 0.1328125
0 0.32421875 0.4359375 0.11328125 0.159375
0 0.4921875 0.44921875 0.09921875 0.175
0 0.8671875 0.49140625 0.1453125 0.19375
0 0.0859375 0.58671875 0.16640625 0.19921875
0 0.55078125 0.67890625 0.11796875 0.16953125
0 0.68515625 0.69453125 0.11953125 0.16640625
0 0.29375 0.71171875 0.1171875 0.16640625
0 0.79765625 0.16484375 0.10546875 0.1625
0 0.58359375 0.17265625 0.09375 0.1609375
0 0.446875 0.1953125 0.08203125 0.1296875
0 0.2796875 0.246875 0.096875 0.1453125
0 0.90390625 0.30390625 0.1015625 0.12578125