5 0.04453125 0.6296875 0.08828125 0.3609375
0 0.39921875 0.6296875 0.20234375 0.3609375
2 0.9078125 0.66171875 0.17734375 0.41171875
5 0.5140625 0.84140625 0.234375 0.30390625
3 0.2734375 0.8484375 0.24140625 0.29140625
4 0.90625 0.91171875 0.18046875 0.16484375
1 0.63671875 0.1328125 0.18828125 0.265625
4 0.74609375 0.2375 0.18046875 0.33515625
2 0.5265625 0.265625 0.20234375 0.3546875
5 0.90078125 0.30703125 0.184375 0.3609375
0 0.0265625 0.3703125 0.053125 0.259375
2 0.3953125 0.3953125 0.18828125 0.3484375
0 0.16875 0.484375 0.18046875 0.32265625
5 0.57421875 0.51875 0.184375 0.3796875