1 0.7015625 0.353125 0.103125 0.16171875
1 0.21328125 0.37734375 0.1171875 0.17265625
1 0.4515625 0.396875 0.1140625 0.19453125
1 0.93046875 0.43671875 0.10859375 0.17578125
1 0.06015625 0.57109375 0.1203125 0.1828125
1 0.67265625 0.5765625 0.08671875 0.1453125
1 0.22265625 0.615625 0.10859375 0.165625
1 0.459375 0.65 0.1046875 0.16953125
1 0.95625 0.6640625 0.08671875 0.14921875
1 0.8234375 0.809375 0.14296875 0.2109375
1 0.23203125 0.91796875 0.13671875 0.16328125
1 0.715625 0.928125 0.1078125 0.14296875
1 0.4578125 0.93828125 0.12265625 0.12265625
1 0.53671875 0.15703125 0.12890625 0.19453125
1 0.35 0.2515625 0.0859375 0.13671875