4 0.3703125 0.2734375 0.04296875 0.0359375
5 0.675 0.2734375 0.04921875 0.03828125
5 0.53359375 0.28359375 0.03515625 0.02578125
5 0.7703125 0.2921875 0.03515625 0.03046875
0 0.7390625 0.29296875 0.0359375 0.03046875
0 0.5046875 0.30546875 0.06328125 0.05546875
2 0.81015625 0.31484375 0.04140625 0.02890625
2 0.884375 0.32109375 0.0421875 0.02890625
5 0.3875 0.334375 0.04921875 0.0390625
5 0.61640625 0.33828125 0.0328125 0.03125
3 0.4828125 0.3421875 0.08046875 0.0671875
2 0.71171875 0.34609375 0.0703125 0.0578125
2 0.86484375 0.35078125 0.08203125 0.0546875
3 0.1203125 0.365625 0.0765625 0.06484375
3 0.36484375 0.378125 0.053125 0.046875
2 0.28671875 0.38515625 0.08515625 0.0671875
5 0.76953125 0.39921875 0.08046875 0.0609375
1 0.82421875 0.41875 0.059375 0.04453125
3 0.49609375 0.425 0.06796875 0.0484375
0 0.384375 0.434375 0.08046875 0.0671875
1 0.84765625 0.44453125 0.05859375 0.04921875
5 0.88984375 0.45 0.0453125 0.03359375
2 0.43359375 0.45859375 0.0578125 0.0484375
2 0.5109375 0.46328125 0.05859375 0.04765625
2 0.725 0.47421875 0.0453125 0.03984375
2 0.32578125 0.49375 0.10625 0.078125
0 0.8875 0.5046875 0.05 0.04140625
3 0.7734375 0.515625 0.04296875 0.0359375
1 0.17890625 0.51796875 0.0984375 0.08046875
1 0.5109375 0.58203125 0.0734375 0.0609375
3 0.109375 0.59296875 0.10703125 0.08203125
5 0.3234375 0.6234375 0.10625 0.08984375
4 0.46015625 0.63359375 0.08515625 0.07265625
0 0.853125 0.65546875 0.04921875 0.0421875
3 0.521875 0.6578125 0.0578125 0.059375
0 0.6890625 0.67734375 0.05 0.0453125
3 0.57734375 0.70546875 0.09375 0.07734375
0 0.35625 0.1875 0.0296875 0.0203125
1 0.403125 0.24453125 0.0515625 0.05