0 0.44765625 0.3078125 0.1484375 0.1265625
0 0.1359375 0.309375 0.15859375 0.1234375
0 0.7640625 0.428125 0.14140625 0.09765625
0 0.4390625 0.484375 0.1296875 0.10859375
0 0.19140625 0.54140625 0.1578125 0.1234375
0 0.8 0.58515625 0.17265625 0.11328125
0 0.5984375 0.6109375 0.140625 0.10859375
0 0.17578125 0.67265625 0.16796875 0.1140625
0 0.475 0.70546875 0.1265625 0.0953125
0 0.8515625 0.840625 0.1640625 0.134375
0 0.3890625 0.86796875 0.18984375 0.1625
0 0.65 0.93984375 0.1265625 0.1109375
0 0.24765625 0.10390625 0.1609375 0.15234375
0 0.496875 0.153125 0.1296875 0.13671875
0 0.678125 0.240625 0.13359375 0.1109375