1 0.19765625 0.38359375 0.0875 0.13046875
1 0.59921875 0.3921875 0.0859375 0.11875
1 0.36328125 0.42578125 0.121875 0.15546875
1 0.796875 0.453125 0.12109375 0.159375
1 0.18671875 0.61015625 0.103125 0.12890625
1 0.50859375 0.61640625 0.10625 0.14765625
1 0.81328125 0.6984375 0.1 0.13046875
1 0.37734375 0.790625 0.11015625 0.14765625
1 0.64921875 0.80703125 0.0890625 0.1171875
1 0.203125 0.86796875 0.09921875 0.12734375
1 0.6984375 0.08671875 0.10625 0.14375
1 0.51484375 0.93203125 0.103125 0.13515625
1 0.2734375 0.14765625 0.1140625 0.15546875
1 0.5078125 0.1890625 0.07734375 0.1171875
1 0.815625 0.2453125 0.0890625 0.12578125